   0.0000000000000000        15.000000000000000                            NaN                       NaN                       NaN                       NaN                       NaN                       NaN   2.0940768000000007        1.9906105035131103     
   0.0000000000000000        20.000000000000000                            NaN                       NaN                       NaN                       NaN                       NaN                       NaN   2.4930287999999998        2.3830766210778007     
   0.0000000000000000        25.000000000000000                            NaN                       NaN                       NaN                       NaN                       NaN                       NaN   2.8919807999999989        2.7835827094216001     
   0.0000000000000000        30.000000000000000                            NaN                       NaN                       NaN                       NaN                       NaN                       NaN   3.2909328000000020        3.1869180004247717     
   0.0000000000000000        35.000000000000000                            NaN                       NaN                       NaN                       NaN                       NaN                       NaN   3.6898848000000011        3.5910587381692944     
   0.0000000000000000        40.000000000000000                            NaN                       NaN                       NaN                       NaN                       NaN                       NaN   4.0888368000000002        3.9952007343408233     
   0.0000000000000000        45.000000000000000                            NaN                       NaN                       NaN                       NaN                       NaN                       NaN   4.4877887999999997        4.3990377952717790     
   0.0000000000000000        50.000000000000000                            NaN                       NaN                       NaN                       NaN                       NaN                       NaN   4.8867407999999992        4.8024739551249480     
   0.0000000000000000        55.000000000000000                            NaN                       NaN                       NaN                       NaN                       NaN                       NaN   5.2856927999999979        5.2055018897000132     
   0.0000000000000000        60.000000000000000       0.99798903744302980        4.7364058135689049E-003  -3069.4355373990311       -4001.4861030844841       -15.534176094757548        5.6182121744451514        5.6846447999999992        5.6081496648497682     
   0.0000000000000000        65.000000000000000       0.99778602818358664        4.7112169160581007E-003  -2993.0885126024373       -3972.3966624246655       -15.066279228034279        6.0185859385489735        6.0835968000000005        6.0104570796416157     
   0.0000000000000000        70.000000000000000       0.99760790523423504        4.6674620614824570E-003  -2919.0563535013212       -3941.3053393179489       -14.603556940237537        6.4190571462425732        6.4825488000000000        6.4124652953461228     
   0.0000000000000000        75.000000000000000       0.99745120949267863        4.6148724025210823E-003  -2847.3166507017272       -3908.2115840748393       -14.145265778308161        6.8195639273125064        6.8815008000000013        6.8142125541299761     
   0.0000000000000000        80.000000000000000       0.99731286620256365        4.5591110147492255E-003  -2777.8500302456832       -3873.1151926367943       -13.690814529888890        7.2200690456373202        7.2804527999999999        7.2157326995561988     
   0.0000000000000000        85.000000000000000       0.99719023486581970        4.5034493266527410E-003  -2710.6395600387618       -3836.0161645703338       -13.239724759194967        7.6205508931849932        7.6794047999999995        7.6170549606981801     
   0.0000000000000000        90.000000000000000       0.99708108267140050        4.4497435016464474E-003  -2645.6703052526977       -3796.9146160081950       -12.791603452838858        8.0209974950783725        8.0783567999999999        8.0182042716491893     
   0.0000000000000000        95.000000000000000       0.99698353317702104        4.3990070820688811E-003  -2582.9289878724780       -3755.8107269291954       -12.346123569018078        8.4214027516441821        8.4773087999999994        8.4192017825548380     
   0.0000000000000000        100.00000000000000       0.99689601147867213        4.3517506586524144E-003  -2522.4037209955518       -3712.7047092964754       -11.903009883009236        8.8217641390897708        8.8762607999999990        8.8200654036158532     
   0.0000000000000000        105.00000000000000       0.99681719393104529        4.3081858950528851E-003  -2464.0837980617480       -3667.5967877219086       -11.462028472953911        9.2220813208578711        9.2752128000000003        9.2208103134149120     
   0.0000000000000000        110.00000000000000       0.99674596486300626        4.2683496251249269E-003  -2407.9595232876718       -3620.4871875966301       -11.022978766445078        9.6223553194506586        9.6741647999999998        9.6214494062500773     
   0.0000000000000000        115.00000000000000       0.99668138042208343        4.2321802801289126E-003  -2354.0220735725761       -3571.3761276153127       -10.585687426458577        10.022588034157248        10.073116800000001        10.021993673499912     
   0.0000000000000000        120.00000000000000       0.99662263882063240        4.1995655904640966E-003  -2302.2633848253026       -3520.2638148110377       -10.150003583214460        10.422781974510286        10.472068799999999        10.422452523018656     
   0.0000000000000000        125.00000000000000       0.99656905601897372        4.1703728629580656E-003  -2252.6760575105159       -3467.1504409294612       -9.7157950673515643        10.822940130498557        10.871020799999998        10.822834043962274     
   0.0000000000000000        130.00000000000000       0.99652004590005983        4.1444686838338074E-003  -2205.2532775119471       -3412.0361794005635       -9.2829453991432054        11.223065930699679        11.269972800000000        11.223145225192598     
   0.0000000000000000        135.00000000000000       0.99647510410218976        4.1217322650406573E-003  -2159.9887493426013       -3354.9211824311810       -8.8513513562117012        11.623163257847766        11.668924799999999        11.623392134962213     
   0.0000000000000000        140.00000000000000       0.99643379481029659        4.1020650691613722E-003  -2116.8766394118888       -3295.8055779090996       -8.4209209892657899        12.023236501737383        12.067876800000001        12.023580068674930     
   0.0000000000000000        145.00000000000000       0.99639573993342323        4.0853983801882494E-003  -2075.9115275626755       -3234.6894659208456       -7.9915719886770349        12.423290635691529        12.466828800000000        12.423713670497127     
   0.0000000000000000        150.00000000000000       0.99636061020602418        4.0716998848069142E-003  -2037.0883654684983       -3171.5729147616516       -7.5632303286210236        12.823331306805821        12.865780800000000        12.823797033624398     
   0.0000000000000000        155.00000000000000       0.99632811784189257        4.0609799470641156E-003  -2000.4024407678996       -3106.4559563718003       -7.1358291329283912        13.223364932944309        13.264732800000001        13.223833783149065     
   0.0000000000000000        160.00000000000000       0.99629801044327693        4.0532980142012377E-003  -1965.8493460322165       -3039.3385811740027       -6.7093077196361639        13.623398800790465        13.663684799999999        13.623827144744141     
   0.0000000000000000        165.00000000000000       0.99627006592663903        4.0487694332989200E-003  -1933.4249518335105       -2970.2207323160833       -6.2836107908034711        14.023441161620836        14.062636800000000        14.023780001773272     
   0.0000000000000000        170.00000000000000       0.99624408827317013        4.0475728578852586E-003  -1903.1253833119245       -2899.1022993425449       -5.8586877413565901        14.423501322163597        14.461588799999999        14.423694942939523     
   0.0000000000000000        175.00000000000000       0.99621990394913240        4.0499583633396971E-003  -1874.9469997472820       -2825.9831113293603       -5.4344920661833047        14.823589729932575        14.860540799999999        14.823574302183181     
   0.0000000000000000        180.00000000000000       0.99619735887027117        4.0562563593427598E-003  -1848.8863767230439       -2750.8629295167680       -5.0109808488540235        15.223718053661651        15.259492799999999        15.223420192212917     
   0.0000000000000000        185.00000000000000       0.99617631580779864        4.0668873807216451E-003  -1824.9402905388431       -2673.7414394664170       -4.5881143185274267        15.623899261123011        15.658444800000000        15.623234532792734     
   0.0000000000000000        190.00000000000000       0.99615665215191762        4.0823728512136299E-003  -1803.1057045820924       -2594.6182427497379       -4.1658554640402388        16.024147698176495        16.057396799999999        16.023019074695970     
   0.0000000000000000        195.00000000000000       0.99613825796393241        4.1033469465169732E-003  -1783.3797574165840       -2513.4928481441075       -3.7441696960385831        16.424479175083921        16.456348800000001        16.422775420067996     
   0.0000000000000000        200.00000000000000       0.99612103426025911        4.1305697331521837E-003  -1765.7597523829461       -2430.3646622703313       -3.3230245494369259        16.824911067732018        16.855300799999998        16.822505039802643     
   0.0000000000000000        205.00000000000000       0.99610489148196890        4.1649418296803081E-003  -1750.2431485408424       -2345.2329795471701       -2.9023894195430620        17.225462444586835        17.254252800000000        17.222209288427091     
   0.0000000000000000        210.00000000000000       0.99608974811243622        4.2075209300728496E-003  -1736.8275528120296       -2258.0969712631395       -2.4822353259576664        17.626154232735214        17.653204800000001        17.621889416901148     
   0.0000000000000000        215.00000000000000       0.99607552941347011        4.2595406516013701E-003  -1725.5107132106941       -2168.9556734671701       -2.0625346988673305        18.027009440951907        18.052156799999999        18.021546583664623     
   0.0000000000000000        220.00000000000000       0.99606216625753885        4.3224323325308199E-003  -1716.2905130746071       -2077.8079732500178       -1.6432611826155028        18.428053463570134        18.451108800000000        18.421181864208357     
   0.0000000000000000        225.00000000000000       0.99604959404040228        4.3978506266470598E-003  -1709.1649662358780       -1984.6525928139790       -1.2243894514582272        18.829314497122354        18.850060799999998        18.820796259396595     
   0.0000000000000000        230.00000000000000       0.99603775166495012        4.4877040539572461E-003  -1704.1322130993340       -1889.4880704873644      -0.80589503212187130        19.230824115503179        19.249012799999999        19.220390702729986     
   0.0000000000000000        235.00000000000000       0.99602658059321292        4.5941921240416662E-003  -1701.1905176273485       -1792.3127374937430      -0.38775412709104057        19.632618069881289        19.647964800000000        19.619966066706599     
   0.0000000000000000        240.00000000000000       0.99601602396960942        4.7198513436956272E-003  -1700.3382652689365       -1693.1246887698469        3.0056568746206300E-002   20.034737414518787        20.046916800000002        20.019523168412476     
   0.0000000000000000        245.00000000000000       0.99600602582420839        4.8676135132179731E-003  -1701.5739619195115       -1591.9217453270721       0.44756006772424234        20.437230117460786        20.445868800000000        20.419062774451842     
   0.0000000000000000        250.00000000000000       0.99599653037022473        5.0408814794544576E-003  -1704.8962340675321       -1488.7014043777911       0.86477931875896441        20.840153412684785        20.844820799999997        20.818585605309551     
   0.0000000000000000        255.00000000000000       0.99598748141481297        5.2436304148977863E-003  -1710.3038303823841       -1383.4607713672247        1.2817374863339588        21.243577317019085        21.243772799999999        21.218092339223674     
   0.0000000000000000        260.00000000000000       0.99597882190637654        5.4805475229266045E-003  -1717.7956251516159       -1276.1964645980620        1.6984583098213619        21.647590018211790        21.642724800000000        21.617583615634246     
   0.0000000000000000        265.00000000000000       0.99597049364487800        5.7572311687665804E-003  -1727.3706242154558       -1166.9044773449334        2.1149665919642353        22.052306322683759        22.041676800000001        22.017060038263985     
   0.0000000000000000        270.00000000000000       0.99596243718372746        6.0804840554699677E-003  -1739.0279744342286       -1055.5799725962161        2.5312888956963429        22.457881169005887        22.440628799999999        22.416522177878552     
   0.0000000000000000        275.00000000000000       0.99595459195261049        6.4587579740810856E-003  -1752.7669783582014       -942.21696907634475        2.9474545792067524        22.864531596578072        22.839580800000000        22.815970574766840     
   0.0000000000000000        280.00000000000000       0.99594689662967784        6.9028461454232332E-003  -1768.5871168154263       -826.80784935534496        3.3634973837860045        23.272572893946133        23.238532799999998        23.215405740975967     
   0.0000000000000000        285.00000000000000       0.99593928978763602        7.4269836901088952E-003  -1786.4880838621141       -709.34257385067474        3.7794579298646998        23.682478583536898        23.637484799999996        23.614828162330742     
   0.0000000000000000        290.00000000000000       0.99593171082821541        8.0506245933578482E-003  -1806.4698414110821       -589.80740531797994        4.1953877106658686        24.094980500322027        24.036436800000001        24.014238300263134     
   0.0000000000000000        295.00000000000000       0.99592410119298214        8.8013428750194286E-003  -1828.5327056117560       -468.18281535027978        4.6113555602083940        24.511236217324651        24.435388799999998        24.413636593473822     
   0.0000000000000000        300.00000000000000       0.99591640576801965        9.7196011078317431E-003  -1852.6774849295152       -344.44002243508413        5.0274582083147701        24.933109024416620        24.834340800000000        24.813023459444938     
   0.0000000000000000        305.00000000000000       0.99590857421194245        1.0866605906184573E-002  -1878.9057028132891       -218.53524730574176        5.4438375590411390        25.363633572982927        25.233292799999997        25.212399295820536     
   0.0000000000000000        310.00000000000000       0.99590056144938022        1.2337202418462636E-002  -1907.2199587610160       -90.400199208462212        5.8607089017824325        25.807778556146094        25.632244800000002        25.611764481669169     
   0.0000000000000000        315.00000000000000       0.99589232536452799        1.4280762264410638E-002  -1937.6245141433760        40.073507604397228        6.2784064182468997        26.273652226941561        26.031196800000000        26.011119378641187     
   0.0000000000000000        320.00000000000000       0.99588381692862971        1.6933977303524854E-002  -1970.1262354692894        173.05917691413356        6.6974544136981971        26.774260602681871        26.430148799999998        26.410464332031708     
   0.0000000000000000        325.00000000000000       0.99587495213718880        2.0668940274622835E-002  -2004.7360796639894        308.83218835229570        7.1186715938962619        27.329605863943154        26.829100799999999        26.809799671758864     
   0.0000000000000000        330.00000000000000       0.99586554502513724        2.6053407815950988E-002  -2041.4713187325910        447.81831412630731        7.5433019177542375        27.967768800704579        27.228052799999997        27.209125713265813     
   0.0000000000000000        335.00000000000000       0.99585517074652108        3.3897576898235734E-002  -2080.3585358700802        590.63585945719944        7.9731175979918794        28.720838887347629        27.627004800000002        27.608442758354023     
   0.0000000000000000        340.00000000000000       0.99584294130712858        4.5210828574365695E-002  -2121.4367821786350        738.07611369569497        8.4103320466892058        29.607747176833090        28.025956799999996        28.007751095954276     
   0.0000000000000000        345.00000000000000       0.99582727462454979        6.0933329039325600E-002  -2164.7588548175431        890.91914523457626        8.8570376813104907        30.599303297429419        28.424908800000001        28.407051002841413     
   0.0000000000000000        350.00000000000000       0.99580595621070478        8.1377599688299745E-002  -2210.3870901522514        1049.5252822165482        9.3140353496251418        31.589423720203396        28.823860799999999        28.806342744297787     
   0.0000000000000000        355.00000000000000       0.99577688754351401       0.10571251724735552       -2258.3815034079071        1213.4347271550469        9.7797640297547996        32.437970505572054        29.222812799999996        29.205626574730214     
   0.0000000000000000        360.00000000000000       0.99573934943893916       0.13223080623233774       -2308.7857192683809        1381.5352339610611        10.250891536748449        33.098773297668117        29.621764800000001        29.604902738244451     
   0.0000000000000000        365.00000000000000       0.99569474315517914       0.15954429653152688       -2361.6233187162479        1552.9435122998786        10.724840632920895        33.687351915583193        30.020716799999995        30.004171469180786     
   0.0000000000000000        370.00000000000000       0.99564615656857391       0.18755697753110753       -2416.9099495239279        1727.7468840296060        11.201775225820363        34.367809731402403        30.419668800000000        30.403432992614245     
   0.0000000000000000        375.00000000000000       0.99559729752657211       0.21713801444458636       -2474.6693665506327        1906.7341194680180        11.683742629383069        35.177524981969157        30.818620799999998        30.802687524822101     
   0.0000000000000000        380.00000000000000       0.99555124246572801       0.24887901704395018       -2534.9366602408804        2090.3689490440447        12.171856866539278        35.985491147747958        31.217572799999999        31.201935273721574     
   0.0000000000000000        385.00000000000000       0.99550892018110004       0.28228503672938976       -2597.7457036346827        2278.1210952107635        12.664589087910249        36.638418604172813        31.616524800000001        31.601176439279932     
   0.0000000000000000        390.00000000000000       0.99546802709133897       0.31619947744213306       -2663.1149848845248        2468.8661406896190        13.158925963010626        37.109128501359997        32.015476799999995        32.000411213899284     
   0.0000000000000000        395.00000000000000       0.99542340569776400       0.34959614691908236       -2731.0447823382160        2661.5837064051875        13.652224022135199        37.432589280983358        32.414428799999996        32.399639782777939     
   0.0000000000000000        400.00000000000000       0.99536832312263912       0.38156508594470750       -2801.5201124188252        2855.3048159256196        14.142062320861111        37.583472930605886        32.813380799999997        32.798862324250130     
   0.0000000000000000        405.00000000000000       0.99529505551438668       0.41100961282298587       -2874.5093699645431        3048.8320062223775        14.625534262189928        37.538541645447395        33.212332799999999        33.198079010105708     
   0.0000000000000000        410.00000000000000       0.99519395786556453       0.43703094684917876       -2949.9636618993268        3241.1588783602210        15.100298878681825        37.391028460636662        33.611284800000000        33.597290005891281     
   0.0000000000000000        415.00000000000000       0.99505115888405093       0.45958497991493186       -3027.8258547275477        3432.1547341512169        15.566218286454856        37.310327568102714        34.010236799999994        33.996495471194095     
   0.0000000000000000        420.00000000000000       0.99484497471116007       0.47958193738300681       -3108.0457893473595        3622.6864000057258        16.025552831793060        37.434736728551364        34.409188800000003        34.395695559909939     
   0.0000000000000000        425.00000000000000       0.99453965501997588       0.49853790315556101       -3190.5925455307420        3814.2928566514488        16.482083299252213        37.849454523158208        34.808140799999997        34.794890420496102     
   0.0000000000000000        430.00000000000000       0.99407198913839623       0.51837189324874111       -3275.4617867364350        4009.0288557597028        16.940675912781717        38.657227796709954        35.207092799999998        35.194080196210500     
   0.0000000000000000        435.00000000000000       0.99332187225059765       0.54174384827410527       -3362.6843687058563        4209.9269860409995        17.408301964935301        40.104835619051471        35.606044799999999        35.593265025337764     
   0.0000000000000000        440.00000000000000       0.99206046875022169       0.57307415479316082       -3452.3468677973110        4422.3162764209746        17.896961691405192        42.716000098404294        36.004996799999994        35.992445041403343     
   0.0000000000000000        445.00000000000000       0.98992866860361040       0.61943357765194351       -3544.6324353588125        4655.1775299481114        18.426539247880729        47.030163680384085        36.403948800000002        36.391620373376291     
   0.0000000000000000        450.00000000000000       0.98670491785919834       0.68661504865474154       -3639.8511885776734        4916.8400245671455        19.014869362544044        51.818406647044114        36.802900800000003        36.790791145861348     
   0.0000000000000000        455.00000000000000       0.98299874924506803       0.76582273457097449       -3738.3251193445976        5198.2305631413592        19.640781719749356        52.898354917627778        37.201852799999998        37.189957479281297     
   0.0000000000000000        460.00000000000000       0.98003426626251511       0.83365914123708140       -3840.0947450251101        5470.5122167114587        20.240449916818630        49.377390435982328        37.600804799999999        37.589119490049953     
   0.0000000000000000        465.00000000000000       0.97823679498216842       0.87834420152159787       -3944.8638682012011        5717.2251238838553        20.778686004483991        45.275458683462404        37.999756799999993        37.988277290736406     
   0.0000000000000000        470.00000000000000       0.97723476669694875       0.90453066168338081       -4052.2747161784323        5942.7212752608630        21.265948917955946        42.657986449788979        38.398708800000001        38.387430990221176     
   0.0000000000000000        475.00000000000000       0.97663646436984086       0.91969924108115497       -4162.0772622751792        6155.9336774515696        21.722128294161575        41.325226279914467        38.797660799999996        38.786580693844598     
   0.0000000000000000        480.00000000000000       0.97623424449936236       0.92875399670107894       -4274.1258820254325        6363.0482347376210        22.160779409923027        40.750313323019888        39.196612799999997        39.185726503548032     
   0.0000000000000000        485.00000000000000       0.97593493182874114       0.93438799368746928       -4388.3387453055111        6567.5719740882505        22.589506637925286        40.591592443678444        39.595564799999998        39.584868518008214     
   0.0000000000000000        490.00000000000000       0.97569621506070048       0.93805445908103380       -4504.6692570446276        6771.4353120919295        23.012458304360322        40.662501785506485        39.994516800000000        39.984006832765218     
   0.0000000000000000        495.00000000000000       0.97549727100709838       0.94055386954364062       -4623.0901717533707        6975.7142077190647        23.431928039338253        40.862676413041690        40.393468800000001        40.383141540344418     
   0.0000000000000000        500.00000000000000       0.97532680043888886       0.94233847695385475       -4743.5850484103048        7181.0206506823188        23.849211398185243        41.137249027162703        40.792420800000002        40.782272730372668     
