   0.0000000000000000        300.00000000000000       0.97351655447175722       0.36620133011578493       -116.39232776824525        290.66986768253548        1.3568739848359357        12.458603428434888        16.556955299999998        10.820669958074557     
   0.0000000000000000        302.00000000000000       0.97330725552792352       0.36730994546689644       -119.20383164153303        315.73130991047782        1.4401825879205656        12.593097835679945        16.663463099999998        10.927619335782309     
   0.0000000000000000        304.00000000000000       0.97300986935898592       0.36847268869783495       -122.18333566906428        341.06914061837665        1.5238568298928976        12.734470784880170        16.769970900000001        11.034562180618840     
   0.0000000000000000        306.00000000000000       0.97257519570070461       0.36968029758282250       -125.33161594529400        366.70041393696232        1.6079478100727329        12.886467569336153        16.876478700000000        11.141498622035865     
   0.0000000000000000        308.00000000000000       0.97192366451527057       0.37091770405350943       -128.64957765705702        392.65188422684901        1.6925372139087858        13.055423911201173        16.982986499999999        11.248428786270678     
   0.0000000000000000        310.00000000000000       0.97092558007701557       0.37216003441147333       -132.13833408908027        418.96676046116693        1.7777583695169266        13.252117240308051        17.089494300000002        11.355352796441975     
   0.0000000000000000        312.00000000000000       0.96936819054320811       0.37336584481436785       -135.79934028846287        445.71628448471768        1.8638321306832710        13.494936348393193        17.196002100000001        11.462270772642299     
   0.0000000000000000        314.00000000000000       0.96690106793548347       0.37446572559173907       -139.63461969679221        473.01950514050708        1.9511277861060490        13.815225043827969        17.302509900000000        11.569182832027318     
   0.0000000000000000        316.00000000000000       0.96294679810734962       0.37534334276883446       -143.64714762059612        501.07664650673121        2.0402651712890107        14.265998150560812        17.409017700000003        11.676089088902030     
   0.0000000000000000        318.00000000000000       0.95655944659382197       0.37580477098052323       -147.84149408245725        530.22392732909498        2.1322811994073967        14.935214649925399        17.515525499999999        11.782989654804034     
   0.0000000000000000        320.00000000000000       0.94621433767982011       0.37553169064064457       -152.22487820255174        561.01880222056957        2.2288865013222541        15.963081393018360        17.622033299999998        11.889884638583972     
   0.0000000000000000        322.00000000000000       0.92953720847861709       0.37401835138292966       -156.80882198683128        594.35797024810404        2.3328161249532151        17.555813818593055        17.728541099999997        11.996774146483194     
   0.0000000000000000        324.00000000000000       0.90307194079997766       0.37051053196654782       -161.61152228224370        631.59920276214950        2.4481812501370159        19.968837156206124        17.835048900000000        12.103658282208894     
   0.0000000000000000        326.00000000000000       0.86241094807518737       0.36401293650074029       -166.66065452500948        674.57194491105156        2.5804680964296351        23.396950484429560        17.941556700000000        12.210537147006661     
   0.0000000000000000        328.00000000000000       0.80334991703055347       0.35350990246939878       -171.99521249317769        725.21441201293487        2.7353951966649777        27.695879573132938        18.048064499999999        12.317410839730643     
   0.0000000000000000        330.00000000000000       0.72468668023058280       0.33855397748083477       -177.66320478166699        784.53559933832844        2.9157539518787741        32.015678437766596        18.154572300000002        12.424279456911373     
   0.0000000000000000        332.00000000000000       0.63170355350690266       0.32005832009891455       -183.71155939292569        851.14589177857670        3.1170405155768139        34.843602015439224        18.261080100000001        12.531143092821340     
   0.0000000000000000        334.00000000000000       0.53657671961843423       0.30049820546987560       -190.16956394772822        920.76343472621272        3.3261467026165898        34.968257923745874        18.367587900000000        12.638001839538450     
   0.0000000000000000        336.00000000000000       0.45295905823315002       0.28284230824005085       -197.03639718695607        988.01470054790479        3.5269377908775623        32.587577588179037        18.474095699999996        12.744855787007333     
   0.0000000000000000        338.00000000000000       0.38894682275130860       0.26901043965530425       -204.28371361791045        1049.2310203071797        3.7086234731511540        29.069035644593882        18.580603500000002        12.851705023098734     
   0.0000000000000000        340.00000000000000       0.34507462633027902       0.25932296271943450       -211.87049379486953        1103.5755358766964        3.8689589107987241        25.740458297982613        18.687111299999998        12.958549633666916     
   0.0000000000000000        342.00000000000000       0.31730757167642304       0.25305731493869993       -219.75767153520744        1152.1502283482080        4.0114266078462437        23.221762849682602        18.793619099999997        13.065389702605255     
   0.0000000000000000        344.00000000000000       0.30063838455351172       0.24920825227200263       -227.91522697987489        1196.6515561998895        4.1411825092435013        21.557057397381705        18.900126900000000        13.172225311900036     
   0.0000000000000000        346.00000000000000       0.29095222951325006       0.24691282134279258       -236.32284182625273        1238.5821369653797        4.2627311525769720        20.554647266551758        19.006634699999999        13.279056541682483     
   0.0000000000000000        348.00000000000000       0.28542203883649997       0.24556098891343575       -244.96778423864907        1279.0228320150645        4.3792833800394071        19.997977387042912        19.113142499999999        13.385883470279243     
   0.0000000000000000        350.00000000000000       0.28228173337697787       0.24476275365906641       -253.84244298409206        1318.6729028008901        4.4929009879570918        19.719189914234484        19.219650300000001        13.492706174261130     
   0.0000000000000000        352.00000000000000       0.28048642527373280       0.24428251359571576       -262.94239703276651        1357.9585058194473        4.6048321103756082        19.606094445259846        19.326158100000001        13.599524728490444     
   0.0000000000000000        354.00000000000000       0.27943776338547172       0.24398264345755974       -272.26512219724134        1397.1302297591060        4.7158060789727330        19.589116161198302        19.432665900000000        13.706339206166779     
   0.0000000000000000        356.00000000000000       0.27880008686037233       0.24378441624247901       -281.80919015155121        1436.3321135489623        4.8262396171362747        19.626894915559578        19.539173700000003        13.813149678871333     
   0.0000000000000000        358.00000000000000       0.27838766898328993       0.24364341342360299       -291.57379391693655        1475.6456826636047        4.9363672530182718        19.695471971612179        19.645681499999998        13.919956216609945     
   0.0000000000000000        360.00000000000000       0.27809873992599576       0.24353481311786118       -301.55847425928692        1515.1165635697439        5.0463195495250854        19.781204422916691        19.752189300000001        14.026758887854729     
   0.0000000000000000        362.00000000000000       0.27787793718287568       0.24344484142626760       -311.76296471202630        1554.7700676323595        5.1561685976364249        19.876417934100978        19.858697099999997        14.133557759584408     
   0.0000000000000000        364.00000000000000       0.27769530982539481       0.24336589507760864       -322.18710489055525        1594.6201336221552        5.2659539519579956        19.976835780530944        19.965204900000000        14.240352897323499     
   0.0000000000000000        366.00000000000000       0.27753472106475574       0.24329379289498532       -332.83079246642939        1634.6743877227414        5.3756972136316135        20.080092648192458        20.071712699999999        14.347144365180210     
   0.0000000000000000        368.00000000000000       0.27738749973787319       0.24322624075580113       -343.69395676361233        1674.9369767535818        5.4854101454271582        20.184888722609529        20.178220499999998        14.453932225883230     
   0.0000000000000000        370.00000000000000       0.27724898964934891       0.24316198019343399       -354.77654433536190        1715.4101413352025        5.5950991504609853        20.290513701599018        20.284728300000001        14.560716540817396     
   0.0000000000000000        372.00000000000000       0.27711668488342234       0.24310031880392879       -366.07851112915085        1756.0950833264778        5.7047677270312587        20.396581375874305        20.391236100000000        14.667497370058280     
   0.0000000000000000        374.00000000000000       0.27698922707319090       0.24304087243720876       -377.59981825103381        1796.9924412755872        5.8144178062209120        20.502882733545349        20.497743900000000        14.774274772405750     
