   0.0000000000000000        320.00000000000000       0.98672795329610197       0.44124235337602313       -362.15237826393047        724.26884731098255        3.3950663299216033        23.718874364052159        26.430148799999998        21.230792432031713     
   0.0000000000000000        322.00000000000000       0.98655775501224563       0.44287363402038471       -369.09084257015348        771.89762199613597        3.5434424365412718        23.910067435378981        26.589729599999998        21.390527703582379     
   0.0000000000000000        324.00000000000000       0.98637485263038238       0.44451546856272894       -376.32632693262434        819.90985351457709        3.6920869766888935        24.102370790165402        26.749310399999999        21.550261457563700     
   0.0000000000000000        326.00000000000000       0.98617744403161200       0.44616759436243225       -383.85937236012006        868.30807766877126        3.8410044479413847        24.296147662057617        26.908891199999999        21.709993714068844     
   0.0000000000000000        328.00000000000000       0.98596249988672491       0.44782966995760176       -391.69053177997785        917.09597315646408        3.9902027589525666        24.492257448714341        27.068472000000000        21.869724492837847     
   0.0000000000000000        330.00000000000000       0.98572387228033442       0.44950113385669693       -399.82038109506931        966.28004986134079        4.1396982756254861        24.692886695362237        27.228052799999997        22.029453813265810     
   0.0000000000000000        332.00000000000000       0.98544725897396768       0.45118081188070819       -408.24954739574667        1015.8741767562802        4.2895292896145385        24.903785612269616        27.387633599999997        22.189181694410852     
   0.0000000000000000        334.00000000000000       0.98509679475495981       0.45286582440026601       -416.97878299246281        1065.9117438637254        4.4397919965754129        25.140274650261595        27.547214399999998        22.348908155001784     
   0.0000000000000000        336.00000000000000       0.98457941880039601       0.45454855348170420       -426.00916174982126        1116.4782810508234        4.5907364369066794        25.443307262718292        27.706795199999998        22.508633213445613     
   0.0000000000000000        338.00000000000000       0.98365065221248948       0.45620827598627345       -435.34260073729945        1167.7985237987170        4.7430210785089235        25.922029922866169        27.866375999999995        22.668356887834797     
   0.0000000000000000        340.00000000000000       0.98166833445458734       0.45778836292418734       -444.98324003781124        1220.4661472034945        4.8983805507097236        26.864088707518402        28.025956799999996        22.828079195954277     
   0.0000000000000000        342.00000000000000       0.97696735475757290       0.45913586751016189       -454.94104113849045        1276.0328932063751        5.0613272934060403        29.005501289007071        28.185537600000000        22.987800155288308     
   0.0000000000000000        344.00000000000000       0.96538968768038369       0.45985252635641416       -465.24083145796743        1338.4095139891490        5.2431696088578965        34.088039936858365        28.345118400000000        23.147519783027096     
   0.0000000000000000        346.00000000000000       0.93753428540654205       0.45899534768577077       -475.94292851525728        1416.5334698120773        5.4695849662639731        45.409192478455644        28.504699200000001        23.307238096073284     
   0.0000000000000000        348.00000000000000       0.87712425771576030       0.45482392468453803       -487.17877446183923        1526.1211334916902        5.7853445630848546        65.463623624471765        28.664279999999998        23.466955111048161     
   0.0000000000000000        350.00000000000000       0.77291361700912320       0.44586011521149682       -499.16755617020328        1678.6476736900377        6.2223292281721170        85.229078408722700        28.823860799999999        23.626670844297788     
   0.0000000000000000        352.00000000000000       0.64881967597383428       0.43409103724098819       -512.10867454790173        1852.2870407903758        6.7170332822110161        83.934746757924444        28.983441599999999        23.786385311898897     
   0.0000000000000000        354.00000000000000       0.55240409891710196       0.42438167758346579       -525.98520897143385        2001.5893600479867        7.1400411554220922        64.169884851323403        29.143022400000000        23.946098529664663     
   0.0000000000000000        356.00000000000000       0.49922795206855552       0.41875561046283388       -540.58985658839481        2110.7071584481737        7.4474635253836210        46.299897137208212        29.302603199999997        24.105810513150274     
   0.0000000000000000        358.00000000000000       0.47511974510451394       0.41606814099501438       -555.72300260126156        2192.4860327240035        7.6765615511878913        36.699011995227380        29.462183999999997        24.265521277658397     
   0.0000000000000000        360.00000000000000       0.46501592517976542       0.41486189827307374       -571.27130360503327        2261.1232321660486        7.8677625993641156        32.558564416910649        29.621764800000001        24.425230838244453     
   0.0000000000000000        362.00000000000000       0.46078871117834103       0.41430203122491438       -587.18368580922333        2324.3865931661612        8.0430118203739891        30.969330173304382        29.781345600000002        24.584939209721764     
   0.0000000000000000        364.00000000000000       0.45890423269919545       0.41400998752401241       -603.43921760686885        2385.6869078842406        8.2118849601404111        30.436995045244117        29.940926399999999        24.744646406666597     
   0.0000000000000000        366.00000000000000       0.45794232509933852       0.41382797782855629       -620.02959446184366        2446.4063754630974        8.3782403549861790        30.324075736606105        30.100507199999999        24.904352443423015     
   0.0000000000000000        368.00000000000000       0.45734755855074360       0.41369211779076087       -636.95152693520481        2507.0895419910958        8.5435898612127730        30.375340631982695        30.260088000000000        25.064057334107623     
   0.0000000000000000        370.00000000000000       0.45690406116917676       0.41357670830209586       -654.20368255092535        2567.9493009277853        8.7085215769694901        30.490784075198565        30.419668800000000        25.223761092614247     
   0.0000000000000000        372.00000000000000       0.45652757524064735       0.41347135006911317       -671.78549036049890        2629.0690158228376        8.8732648015681086        30.631446898499956        30.579249600000001        25.383463732618367     
   0.0000000000000000        374.00000000000000       0.45618476630959520       0.41337175835330753       -689.69667735686755        2690.4815898736797        9.0379098054292690        30.782138962139083        30.738830399999998        25.543165267581557     
   0.0000000000000000        376.00000000000000       0.45586207675293944       0.41327610131390369       -707.93708869298803        2752.2002195570462        9.2024928410905176        30.936910923448718        30.898411199999998        25.702865710755745     
   0.0000000000000000        378.00000000000000       0.45555369379228700       0.41318354042634314       -726.50661766401367        2814.2303593119200        9.3670290396188722        31.093413829584584        31.057991999999999        25.862565075187401     
   0.0000000000000000        380.00000000000000       0.45525688331671021       0.41309364665757753       -745.40517821514322        2876.5743909649223        9.5315251820528033        31.250707562861407        31.217572799999999        26.022263373721572     
   0.0000000000000000        382.00000000000000       0.45497016841823001       0.41300616539098012       -764.63269399399223        2939.2334554969152        9.6959846845311706        31.408406848111895        31.377153599999996        26.181960619005860     
   0.0000000000000000        384.00000000000000       0.45469261103001790       0.41292092071131664       -784.18909388131613        3002.2081771801813        9.8604095600559827        31.566347062921714        31.536734399999997        26.341656823494286     
   0.0000000000000000        386.00000000000000       0.45442352376647566       0.41283777567831226       -804.07431008372748        3065.4989532961658        10.024801200466044        31.724452722812735        31.696315199999997        26.501351999451053     
   0.0000000000000000        388.00000000000000       0.45416235089990126       0.41275661527817997       -824.28827725605720        3129.1060723702494        10.189160694913161        31.882685322649078        31.855895999999998        26.661046158954218     
   0.0000000000000000        390.00000000000000       0.45390861665396559       0.41267733868073692       -844.83093204905595        3193.0297640902777        10.353488964459830        32.041022410236209        32.015476799999995        26.820739313899278     
   0.0000000000000000        392.00000000000000       0.45366190082858115       0.41259985539843685       -865.70221284128149        3257.2702216200569        10.517786822605455        32.199449033684090        32.175057599999995        26.980431476002678     
   0.0000000000000000        394.00000000000000       0.45342182590099200       0.41252408314245592       -886.90205955708143        3321.8276124955364        10.682055005209691        32.357954136278252        32.334638399999996        27.140122656805207     
   0.0000000000000000        396.00000000000000       0.45318804922279898       0.41244994646242389       -908.43041352946273        3386.7020846110004        10.846294187223393        32.516528957045040        32.494219199999996        27.299812867675342     
   0.0000000000000000        398.00000000000000       0.45296025768323100       0.41237737578176370       -930.28721738960962        3451.8937699559656        11.010504993330590        32.675166262608023        32.653799999999997        27.459502119812473     
   0.0000000000000000        400.00000000000000       0.45273816371111386       0.41230630665690637       -952.47241497426671        3517.4027872212564        11.174688005488807        32.833859936359616        32.813380799999997        27.619190424250128     
   0.0000000000000000        402.00000000000000       0.45252150210038988       0.41223667917920415       -974.98595124627263        3583.2292437662854        11.338843768687957        32.992604730450402        32.972961599999998        27.778877791859028     
   0.0000000000000000        404.00000000000000       0.45231002740114495       0.41216843747750831       -997.82777222539551        3649.3732371797787        11.502972795557362        33.151396098629689        33.132542399999998        27.938564233350121     
   0.0000000000000000        406.00000000000000       0.45210351173115837       0.41210152929702715       -1020.9978249275144        3715.8348565549195        11.667075570153779        33.310230073876738        33.292123199999999        28.098249759277557     
   0.0000000000000000        408.00000000000000       0.45190174291648488       0.41203590563871118       -1044.4960573107314        3782.6141835495137        11.831152551128051        33.469103173869875        33.451703999999999        28.257934380041579     
   0.0000000000000000        410.00000000000000       0.45170452289736657       0.41197152044793772       -1068.3224182273113        3849.7112932772739        11.995204174401428        33.628012325553193        33.611284800000000        28.417618105891282     
