5.0000000E+01  2.4334144E+01
5.5000000E+01  2.4639994E+01
6.0000000E+01  2.5138727E+01
6.2000000E+01  2.5435373E+01
6.5000000E+01  2.6249161E+01
6.7000000E+01  2.7375075E+01
7.0000000E+01  3.1554891E+01
7.2000000E+01  3.9273953E+01
7.3000000E+01  4.6085923E+01
7.5000000E+01  6.6543173E+01
7.6000000E+01  7.8377198E+01
7.7000000E+01  8.7092889E+01
8.0000000E+01  7.3737979E+01
8.2000000E+01  5.2056491E+01
8.3000000E+01  4.4149568E+01
8.5000000E+01  3.5425510E+01
8.7000000E+01  3.2285418E+01
8.8000000E+01  3.1673298E+01
9.0000000E+01  3.1211385E+01
9.2000000E+01  3.1195904E+01
