1 2 3.816406948950807
1 3 7.117475254611008
1 4 10.709059996096764
1 5 13.48803302931899
1 6 17.076789335235123
1 7 20.37313530117542
1 8 23.159613597812896
1 9 26.32033856165228
1 10 28.52861863112198
1 11 29.187005567546667
1 12 28.523480257500136
1 13 30.223024617003507
1 14 28.71569017105457
1 15 30.869709117515182
1 16 29.327653315599598
1 17 28.230313671654446
1 18 24.615826839657448
1 19 24.50206254583479
1 20 23.715646522918156
1 21 25.945214221509136
1 22 24.99622501498976
1 23 26.820869374425584
1 24 27.224435972118872
1 25 24.69153486521241
1 26 22.127543989336004
1 27 18.444174310605504
1 28 16.12489782913368
1 29 12.34391659887574
1 30 11.508233443930482
1 31 8.384209742128355
1 32 7.943063703634763
1 33 8.483122715132678
1 34 11.545315846697312
1 35 13.064681932599813
1 36 12.736503915910363
1 37 14.350045923271466
1 38 17.057700431183566
1 39 17.884284861296525
1 40 16.9759233327675
1 41 16.667705570953668
1 42 14.950007157188923
1 43 17.058507847991866
1 44 18.040301161566013
1 45 15.534291197219138
1 46 18.054346900400468
1 47 20.83786920488753
1 48 20.21488572809651
1 49 23.995011648257226
1 50 23.937779867815646
1 51 21.197049912664735
1 52 23.381019096694654
1 53 21.972115282785133
1 54 18.359452306645753
1 55 16.77661342464563
1 56 14.75840438529857
1 57 15.074514055185992
1 58 17.844179162965162
1 59 17.03970965128221
1 60 20.79527768508995
1 61 22.295875537865744
1 62 19.75505874453427
1 63 20.321494285608036
1 64 18.146777151880165
1 65 19.723037012590126
1 66 20.90438293755642
1 67 22.089243920967508
1 68 23.842529186309072
1 69 22.089421948072793
1 70 25.52927335432797
1 71 25.427362210815343
1 72 22.38640274809689
1 73 21.451507988950336
1 74 18.173738580710356
1 75 17.60952438312858
1 76 14.435666732091041
1 77 10.680655691482617
1 78 8.768060503897086
1 79 6.133482371377617
1 80 5.256670714435136
1 81 8.487045481202514
1 82 9.511095520496049
1 83 12.33805843720964
2 3 3.781892912286122
2 4 7.042118005259498
2 5 9.970935211904647
2 6 13.567489819417592
2 7 16.961988149978172
2 8 19.87956775184008
2 9 22.864439988768584
2 10 25.261570200603128
2 11 26.216793892465187
2 12 25.757877397021677
2 13 27.786243592828452
2 14 26.58579286009729
2 15 28.81902012560455
2 16 27.669582920600735
2 17 26.96285511588118
2 18 23.364313664218773
2 19 22.71403977719507
2 20 21.776013271487503
2 21 23.692292438681402
2 22 22.34250596956393
2 23 24.038977141301164
2 24 24.118694906648656
2 25 21.5791521149465
2 26 19.28817899647346
2 27 15.54580940318001
2 28 13.314891287577229
2 29 9.633765463202849
2 30 8.899930842427935
2 31 6.5649235334465255
2 32 5.814889250880019
2 33 8.041837414422153
2 34 10.579212163483632
2 35 11.235912691010018
2 36 11.613377372668124
2 37 13.895524603267052
2 38 15.89941753650114
2 39 16.580407504039215
2 40 14.949346641241549
2 41 14.594201759603024
2 42 12.498352051370611
2 43 14.010730387813478
2 44 14.9632101502318
2 45 12.162139819949449
2 46 14.417395603922367
2 47 17.330888869299233
2 48 16.83357790251377
2 49 20.642790266821972
2 50 20.797513625431286
2 51 18.32839466510911
2 52 20.577828019497098
2 53 19.450759573857262
2 54 15.875018141721917
2 55 14.841684203620558
2 56 12.777165961198126
2 57 13.353768082455227
2 58 15.751965909054018
2 59 15.097509032949775
2 60 18.721959566241992
2 61 20.558787075117053
2 62 18.533983543750114
2 63 19.010019410826494
2 64 16.906965458058995
2 65 18.21374187255326
2 66 18.94569423378304
2 67 19.576693770910346
2 68 20.991234170481736
2 69 18.926082690298063
2 70 22.202529270333144
2 71 22.112691129756232
2 72 18.918632350146243
2 73 17.752014899723356
2 74 14.395326255420542
2 75 13.878099185407201
2 76 10.727453565501927
2 77 7.049935177006949
2 78 5.804285399599162
2 79 4.643282028910154
2 80 5.959045309443452
2 81 9.564741763372393
2 82 11.714293918115594
2 83 14.814765337324786
3 4 3.7900124010351206
3 5 6.591384149023632
3 6 10.018715187088612
3 7 13.466496426316683
3 8 16.204262587356453
3 9 19.262304275449498
3 10 21.53778886051212
3 11 22.460038557402346
3 12 21.995906119094073
3 13 24.104938767812705
3 14 23.04448272363691
3 15 25.359105997649046
3 16 24.45337451150659
3 17 23.950653978545137
3 18 20.437104809634853
3 19 19.415485391820624
3 20 18.34629652000643
3 21 20.10257219860185
3 22 18.638395236714988
3 23 20.400731996671098
3 24 20.52230527986561
3 25 18.181419471537417
3 26 15.827412959798579
3 27 12.177737803056855
3 28 9.695144557973336
3 29 6.066654679475336
3 30 5.429210900305863
3 31 4.450214713921116
3 32 4.99730277249638
3 33 8.198494069034874
3 34 9.39081955954857
3 35 9.74637973813867
3 36 11.349484129245697
3 37 13.551524563679171
3 38 14.743362913528243
3 39 15.8448324383693
3 40 13.822378847361984
3 41 14.117535585221663
3 42 12.270558992971754
3 43 13.043370193320436
3 44 13.243134598726995
3 45 9.904452988428991
3 46 12.108764181368798
3 47 14.722714457599182
3 48 13.722145932761391
3 49 17.50419452588436
3 50 18.09297485213529
3 51 15.626665703213849
3 52 17.512304531385926
3 53 16.24482791537048
3 54 12.61536884121903
3 55 11.739993356045819
3 56 9.509857727642407
3 57 10.261320187968018
3 58 12.448207822815299
3 59 12.230623900684707
3 60 15.735150142277003
3 61 17.544022229808075
3 62 15.875166581803164
3 63 16.090521246995078
3 64 14.029826406623854
3 65 15.13885150861848
3 66 15.663137105956775
3 67 15.984865873694405
3 68 17.403565669138032
3 69 15.424845866328777
3 70 18.70162484919425
3 71 18.420931056816862
3 72 15.282592123066035
3 73 14.424946620351841
3 74 11.365496029650444
3 75 11.21581361293063
3 76 8.756679165071654
3 77 5.7687950214927906
3 78 5.049439077759034
3 79 6.37456837754526
3 80 7.896091754786035
3 81 11.473444687625424
3 82 14.301227499763788
3 83 17.086521881295795
4 5 3.8021579399072833
4 6 6.8316965682032444
4 7 10.506961121085393
4 8 13.340077061246685
4 9 16.05055120548824
4 10 18.576390257528505
4 11 19.951619032048498
4 12 19.73724524851429
4 13 22.27315862198265
4 14 21.624416338944272
4 15 23.92990687403526
4 16 23.54043221778224
4 17 23.57532824797992
4 18 20.208501107207333
4 19 18.56102984750577
4 20 17.414308427267503
4 21 18.69251366189149
4 22 16.711179581346137
4 23 18.302232650690463
4 24 17.945519607969004
4 25 15.729237743768767
4 26 13.885294415315794
4 27 10.39672813917917
4 28 8.171270280684638
4 29 5.565428734607964
4 30 5.166517686024117
4 31 6.445177189185725
4 32 6.495037567250863
4 33 10.219394355831467
4 34 10.55523557292778
4 35 9.693374850896875
4 36 11.937869742965033
4 37 14.523314979714515
4 38 14.796432610599085
4 39 15.61527127526128
4 40 12.88978521931223
4 41 13.181402087790206
4 42 11.172691976421797
4 43 10.881368663913563
4 44 10.798753631785475
4 45 7.108777743044158
4 46 8.694523448700336
4 47 11.342393530467895
4 48 10.488788824263745
4 49 14.248045690549983
4 50 15.161322402745744
4 51 13.192603874898996
4 52 15.09591057207216
4 53 14.338471396909783
4 54 11.032477011079607
4 55 11.207733133867883
4 56 9.355461185852892
4 57 10.544092848604851
4 58 11.916019973128613
4 59 12.110831556916313
4 60 15.08486937298431
4 61 17.1771130868956
4 62 16.295744843363252
4 63 16.282210906384922
4 64 14.418032979571104
4 65 14.96727426754785
4 66 14.74334853416957
4 67 14.207200181598063
4 68 14.983462550425386
4 69 12.5240688276614
4 70 15.493058510184488
4 71 15.300816546838275
4 72 11.966661104919783
4 73 10.75381406757621
4 74 7.596144680033418
4 75 7.89937446890575
4 76 6.019323051639611
4 77 4.590713887839232
4 78 6.026176980474438
4 79 8.828510746439628
4 80 11.147570721910672
4 81 14.407583940411383
4 82 17.52261424559703
4 83 20.412359246299776
5 6 3.7841391359198195
5 7 7.016708131310579
5 8 10.169334934006255
5 9 13.00086616345234
5 10 15.652708327953984
5 11 17.03900199542215
5 12 17.351730086651305
5 13 20.06711115233082
5 14 19.956610759344883
5 15 22.650233243832172
5 16 22.72491518135986
5 17 22.81266054190085
5 18 19.81311777585749
5 19 17.638347258175862
5 20 15.844928557743641
5 21 16.450907999256454
5 22 14.014399380637045
5 23 15.079373494943349
5 24 14.48222444930336
5 25 12.020323997297243
5 26 10.362800586713998
5 27 6.8553746068322186
5 28 5.539853517919044
5 29 4.59989325963114
5 30 6.410396711592817
5 31 9.005342525412345
5 32 10.063309694131451
5 33 13.616942388069358
5 34 13.390274866484258
5 35 12.676401263765674
5 36 15.39163600791027
5 37 17.712740753480247
5 38 17.570341687058907
5 39 18.664638169544034
5 40 15.802891064612197
5 41 16.33639525721632
5 42 14.34505242235106
5 43 13.284915694124672
5 44 12.902391134979592
5 45 9.117608897073836
5 46 9.496419799061117
5 47 11.823377097936104
5 48 10.573540466655434
5 49 13.954494437277189
5 50 15.78440109728589
5 51 14.262211820050913
5 52 15.453061864886195
5 53 14.54519621730831
5 54 11.437419376765023
5 55 11.666424859398871
5 56 9.29217837753882
5 57 9.578115315655788
5 58 9.719588725866954
5 59 9.626443891697495
5 60 12.053441043950892
5 61 14.555624102043856
5 62 14.363925821306653
5 63 14.711929615111677
5 64 13.649782049542036
5 65 14.46654810243273
5 66 14.350827885526325
5 67 13.149560068686709
5 68 13.995078313464345
5 69 11.767887363499025
5 70 14.276725289785468
5 71 13.250814541000867
5 72 9.68242588404373
5 73 8.562729004236909
5 74 6.100372857457158
5 75 5.615036420184646
5 76 5.382140187694855
5 77 5.753247170077087
5 78 6.724850779013614
5 79 10.350458009189738
5 80 12.574878289669446
5 81 15.289439950501784
5 82 18.817071424639913
5 83 21.45098881170749
6 7 3.814179597239752
6 8 6.651259880654191
6 9 9.302470424570023
6 10 11.982018903340121
6 11 13.66832857375034
6 12 14.190763897690639
6 13 17.238839781145366
6 14 17.578554263647508
6 15 20.254862354506386
6 16 20.8730318593155
6 17 21.441228882692336
6 18 18.784561985843585
6 19 16.04591895155899
6 20 14.178739506740364
6 21 14.182420139031278
6 22 11.300620735163179
6 23 12.2386751734001
6 24 11.312742196302361
6 25 9.374238422399976
6 26 8.236060283897878
6 27 5.758109585619224
6 28 5.0833726993011235
6 29 6.50181551568483
6 30 8.056118730505403
6 31 11.460036518266422
6 32 12.62134069740612
6 33 16.008286260558936
6 34 15.016337702649071
6 35 13.888266486498594
6 36 17.056995104648415
6 37 19.186076409730052
6 38 18.29938365082278
6 39 19.473428280608424
6 40 16.453869241002252
6 41 17.377736705336517
6 42 15.791300643075603
6 43 14.063815769555573
6 44 12.959733562076035
6 45 9.470268264415745
6 46 9.06643281561166
6 47 10.393432012574095
6 48 8.658288110244426
6 49 11.426048223248491
6 50 13.96572737096067
6 51 12.959926350099371
6 52 13.500332514423489
6 53 12.819600461792872
6 54 10.391815673884906
6 55 11.401212654801244
6 56 9.645317516805758
6 57 10.187369336585377
6 58 9.36142905757449
6 59 10.122964536142561
6 60 11.53612681969126
6 61 13.861301886908024
6 62 14.532731264287522
6 63 14.428352158164147
6 64 13.672481596257496
6 65 13.866657888619017
6 66 13.107456427545353
6 67 11.00748995002948
6 68 11.298914107116666
6 69 9.086596832698147
6 70 11.045917888523343
6 71 9.649132033504362
6 72 5.99677229849525
6 73 5.322274795611365
6 74 4.487298296302576
6 75 5.293789285568514
6 76 7.298069333734778
6 77 9.06349325591408
6 78 10.444647672372678
6 79 14.123641740004594
6 80 16.256481445872595
6 81 18.88789022098551
6 82 22.480823605909105
6 83 24.970039727641606
7 8 3.8005925853740226
7 9 6.3356592395740465
7 10 9.200300158147016
7 11 11.019567414377025
7 12 12.431770992099235
7 13 15.679353653770296
7 14 16.801609030089942
7 15 19.76722851084592
7 16 20.96762983744228
7 17 21.66038351461026
7 18 19.558931693730102
7 19 16.38777120294276
7 20 13.975566893689857
7 21 12.969375736711463
7 22 9.506498566769997
7 23 9.401516047957372
7 24 7.803016980629991
7 25 5.7087238503889814
7 26 5.613321743851852
7 27 4.728647586784196
7 28 6.275247086768775
7 29 9.129773326868527
7 30 11.332864995225169
7 31 14.886799017921884
7 32 16.365427614333825
7 33 19.673563607033678
7 34 18.472953472577146
7 35 17.46164173266649
7 36 20.760877678942187
7 37 22.729650899210924
7 38 21.62038052394083
7 39 22.916221787196946
7 40 19.891978157036068
7 41 20.90265258286613
7 42 19.33935939993877
7 43 17.264848218272874
7 44 16.07772421706505
7 45 12.869672451154303
7 46 11.792861654407721
7 47 12.592083663953318
7 48 10.819726567709555
7 49 12.62986817033337
7 50 15.822520311252566
7 51 15.35377051411151
7 52 15.191344245984292
7 53 14.505045811716695
7 54 12.663352518192012
7 55 13.660786726978795
7 56 11.86474517214761
7 57 11.658151911859786
7 58 9.559353325408576
7 59 10.121957567585431
7 60 10.213445451952047
7 61 12.73709959135124
7 62 14.383586896181352
7 63 14.554079290700596
7 64 14.70877109074718
7 65 15.011113849411707
7 66 14.317005622685212
7 67 11.63188037249352
7 68 11.795251841313094
7 69 10.216588275936346
7 70 11.115110525766264
7 71 8.632737862347032
7 72 5.366528673174121
7 73 5.36065303857655
7 74 6.649709316955141
7 75 6.662775472729064
7 76 9.747476493944472
7 77 12.05676847252198
7 78 13.121154408054194
7 79 16.887031769970708
7 80 18.891787660250685
7 81 21.08968475345234
7 82 24.830223639750006
7 83 27.08875386576503
8 9 3.818593196453374
8 10 5.619096279652093
8 11 7.282880886023057
8 12 8.815407761414104
8 13 12.22976937640281
8 14 13.786413384198225
8 15 16.714178023462598
8 16 18.385817387323307
8 17 19.426765299452196
8 18 17.81944704529296
8 19 14.29707861767571
8 20 11.900840894659504
8 21 10.237601037352453
8 22 6.544111475211895
8 23 6.461761369781462
8 24 5.070448303651265
8 25 5.076433393633764
8 26 5.216361279666124
8 27 6.60087903237137
8 28 7.7400308784913765
8 29 11.205113520174617
8 30 12.988096588800069
8 31 16.774100542204938
8 32 18.53347190895435
8 33 21.501989791644867
8 34 19.68849557482745
8 35 18.72499559412498
8 36 22.303624055296485
8 37 23.842014889685814
8 38 22.266744036791728
8 39 23.850737787330605
8 40 21.040423070841516
8 41 22.561477544699944
8 42 21.53513988809917
8 43 19.41888627084468
8 44 17.595634231251797
8 45 14.739787277976571
8 46 13.815052008588312
8 47 13.590297826022798
8 48 11.193036183270383
8 49 12.033889396201046
8 50 15.614357911870728
8 51 15.292648724141936
8 52 14.209351427844974
8 53 13.356843863727688
8 54 12.300454016010953
8 55 13.497438497729856
8 56 12.334505665003363
8 57 12.285844618910007
8 58 9.768829817332268
8 59 11.303758888086742
8 60 10.54330972702595
8 61 12.161953543736303
8 62 14.391422306360132
8 63 13.920224423478237
8 64 14.333145188687652
8 65 14.057639453336396
8 66 12.985565601851928
8 67 9.781770647485045
8 68 9.724902570206039
8 69 9.140128883117567
8 70 9.342272207552078
8 71 5.9912725693294915
8 72 4.344962370377907
8 73 6.583070180394555
8 74 9.230898222816673
8 75 10.180992535111693
8 76 13.346904584959015
8 77 15.556594550222103
8 78 16.520171336883887
8 79 20.19714430309394
8 80 21.88714410333153
8 81 24.180138688601435
8 82 27.892200164203615
8 83 29.91948311719305
9 10 3.804706690403349
9 11 7.125801428611382
9 12 9.453343112359775
9 13 13.163935467784702
9 14 15.368141136780336
9 15 17.899842261874824
9 16 20.15361831036799
9 17 21.720714076659636
9 18 20.443264832213078
9 19 16.737695988396972
9 20 14.665736053809233
9 21 12.51690572785463
9 22 8.86788977152964
9 23 7.967368323354958
9 24 5.212299684400351
9 25 6.387604715384319
9 26 8.301247436379667
9 27 10.044907067763246
9 28 11.453471002276995
9 29 14.731961749882464
9 30 16.24127670474215
9 31 20.005089977303275
9 32 21.349883489143448
9 33 24.41239113647002
9 34 22.57901924353669
9 35 21.149178471042323
9 36 24.645680067711663
9 37 26.353446453927045
9 38 24.442029743865383
9 39 25.680561773450364
9 40 22.674644098640226
9 41 24.018680584078716
9 42 23.006200468569336
9 43 20.403623942819568
9 44 18.563885638518677
9 45 16.245245489065407
9 46 14.581146456983415
9 47 13.835712811416691
9 48 12.017503942167027
9 49 11.83612613991588
9 50 15.637922656158647
9 51 16.21609678683499
9 52 14.997623211695913
9 53 14.945700385060581
9 54 14.683586925543771
9 55 16.509138863066116
9 56 15.823422069830533
9 57 16.05930652301026
9 58 13.550002140221233
9 59 14.96664889011565
9 60 13.831067710050442
9 61 15.43487382520505
9 62 17.98889418502427
9 63 17.45730649327095
9 64 17.91304800976093
9 65 17.262205913497844
9 66 15.683756118991395
9 67 12.090852203215455
9 68 10.93622347979411
9 69 10.14941091886618
9 70 8.844559796846873
9 71 5.631272413939855
9 72 5.201356553823243
9 73 6.818091595160627
9 74 10.369044218248854
9 75 11.500413253444416
9 76 15.109880343669172
9 77 17.902814024616355
9 78 19.369990733090194
9 79 23.145174961533563
9 80 25.157214015069314
9 81 27.407315319089538
9 82 31.1464889514051
9 83 33.327164895922365
10 11 3.7852890246320694
10 12 6.381395537027932
10 13 9.977750848763463
10 14 12.679429364131494
10 15 15.082733704471481
10 16 17.76931214200482
10 17 19.559984279134788
10 18 18.876510747487206
10 19 15.057218534643109
10 20 13.11075379221195
10 21 10.426785698382796
10 22 7.257183475701852
10 23 6.4341503712611505
10 24 4.888475938367704
10 25 7.955113261293016
10 26 9.27660616820613
10 27 11.887844337809947
10 28 12.962611195280063
10 29 16.482320649714346
10 30 17.80748095604766
10 31 21.626129149711467
10 32 23.32236613210589
10 33 26.03777989767945
10 34 23.757806064533824
10 35 22.586246146715037
10 36 26.260436801393844
10 37 27.50164287819911
10 38 25.341904210220665
10 39 26.935175477430995
10 40 24.26260340524075
10 41 26.073579079213502
10 42 25.506396550669404
10 43 23.102809244765016
10 44 20.82193158667082
10 45 18.65037849481881
10 46 17.435908952503738
10 47 16.153243389486832
10 48 13.781809605418298
10 49 13.005994041210384
10 50 16.808573586119675
10 51 17.223542899183084
10 52 15.19489450440509
10 53 14.760651781002085
10 54 15.086598887754656
10 55 16.7420104228853
10 56 16.460973877629474
10 57 16.66512925242406
10 58 14.007622888984413
10 59 15.98621750133533
10 60 14.38070022634503
10 61 15.094166720955483
10 62 17.922132546100645
10 63 16.911430779209663
10 64 17.615023133677685
10 65 16.60266255755383
10 66 14.933090269599258
10 67 11.305924553082779
10 68 10.251541396297437
10 69 10.780933679417567
10 70 9.157125586121444
10 71 5.592977382396607
10 72 7.290298279220131
10 73 10.034914947322674
10 74 13.582159953409473
10 75 15.010278278566323
10 76 18.459365888350554
10 77 20.945562513334416
10 78 22.114321558664194
10 79 25.7936058161708
10 80 27.441287615562064
10 81 29.746141733004638
10 82 33.452038517854184
10 83 35.369425454762485
11 12 3.8187524140745226
11 13 6.755287188565709
11 14 9.882346482490885
11 15 12.633047177937712
11 16 15.40418829409716
11 17 16.924304476107725
11 18 16.777349045662728
11 19 13.017252436670342
11 20 10.802074985853412
11 21 7.537387412094458
11 22 5.11682802134291
11 23 4.387847536093294
11 24 5.280930789169652
11 25 8.841482341779573
11 26 9.154024524765049
11 27 12.329250342174092
11 28 13.221426549355407
11 29 16.88062401097779
11 30 18.313053350001468
11 31 22.067589514942497
11 32 24.269269848926236
11 33 26.661941808502995
11 34 24.13394820579509
11 35 23.49859676661566
11 36 27.2913874693098
11 37 28.08423233773713
11 38 26.00765760309836
11 39 28.061971046239783
11 40 25.753502693808468
11 41 27.924882864570804
11 42 27.57778399364242
11 43 25.54223353585195
11 44 23.08561686418624
11 45 20.715833388980517
11 46 20.06089075789009
11 47 18.82164990111122
11 48 15.950882890924879
11 49 15.376948266805087
11 50 19.01592140812535
11 51 18.852864954695878
11 52 16.39176006412978
11 53 15.163450860539628
11 54 15.442010328969475
11 55 16.41666543485613
11 56 16.094537520537827
11 57 15.887636451026943
11 58 13.035882555469728
11 59 15.297244098202787
11 60 13.27357954735647
11 61 13.10256310803348
11 62 16.113995842124325
11 63 14.867745693278453
11 64 16.037251541333383
11 65 15.101137208832982
11 66 13.895669685193297
11 67 10.70994477109943
11 68 10.653723949868422
11 69 12.300480071932151
11 70 11.33515381457173
11 71 7.766685071508951
11 72 9.715906854226217
11 73 12.937680201643568
11 74 16.13282120399281
11 75 17.429673863844958
11 76 20.613117910689784
11 77 22.643098727868495
11 78 23.268530744333642
11 79 26.773283586441167
11 80 27.936959265460512
11 81 30.157986222558034
11 82 33.801969528416535
11 83 35.35702597787319
12 13 3.7990647533307453
12 14 6.358325723018599
12 15 8.925434275148744
12 16 11.673735092077427
12 17 13.480529811546726
12 18 13.415169510669628
12 19 9.659408832842722
12 20 8.161288501211068
12 21 5.46791815959237
12 22 4.7146610694725455
12 23 6.553827431356429
12 24 8.544125701322518
12 25 11.568973247440761
12 26 10.781768546949985
12 27 13.372367853151514
12 28 13.189291944604154
12 29 16.48668678055115
12 30 17.26564904658959
12 31 20.86182410528859
12 32 23.15271951629009
12 33 25.10873937496664
12 34 22.214045601825887
12 35 21.754999563318773
12 36 25.57753658975
12 37 25.930089008717268
12 38 23.68374940755792
12 39 26.003534625123564
12 40 24.088398805234025
12 41 26.663580123456793
12 42 26.79640416175275
12 43 25.11501220385927
12 44 22.28407202465474
12 45 20.09674244747143
12 46 20.060083549177957
12 47 18.474671661493744
12 48 15.161970353486385
12 49 14.505329020742687
12 50 17.78552672821359
12 51 17.163221696406534
12 52 14.265431153666546
12 53 12.575282740360155
12 54 13.263949223364813
12 55 14.135644095689452
12 56 14.486304083512813
12 57 14.796908258146363
12 58 12.602064513404143
12 59 15.601268249728932
12 60 14.168975756913412
12 61 13.243455817874729
12 62 15.647331082328385
12 63 13.554201046170151
12 64 14.16143018907342
12 65 12.529593489016314
12 66 10.980171856578567
12 67 8.052512837617833
12 68 8.29785659071064
12 69 10.943288628195821
12 70 10.501565502342972
12 71 7.600028223631805
12 72 10.169235074478316
12 73 13.882278379286305
12 74 16.778937928248023
12 75 18.630954913798703
12 76 21.43770220895887
12 77 23.04853795797035
12 78 23.60395994319597
12 79 26.902281613275854
12 80 27.8023836568018
12 81 30.312755153565305
12 82 33.79617632218177
12 83 35.26962772698346
13 14 3.815303526588677
13 15 6.462708410565959
13 16 9.379885820200583
13 17 10.993549608747848
13 18 11.906750102357906
13 19 8.600046162666802
13 20 7.487801079088573
13 21 4.949692919767852
13 22 6.660595769148584
13 23 8.605563026321986
13 24 11.446055783543954
13 25 14.426958480566858
13 26 13.157630713772143
13 27 15.806783701942656
13 28 15.375415083827818
13 29 18.474665517946463
13 30 19.14147052867151
13 31 22.481377048570668
13 32 25.08705271649103
13 33 26.62365155270779
13 34 23.509863993651685
13 35 23.51891245359785
13 36 27.317534094423674
13 37 27.177240864370322
13 38 24.98021274929419
13 39 27.656691523029284
13 40 26.17227884613795
13 41 29.040356092858087
13 42 29.443959872951872
13 43 28.077938724201246
13 44 25.112425669377302
13 45 22.936235305734026
13 46 23.30080163857029
13 47 21.683265805685267
13 48 18.175018129289445
13 49 17.55367246475791
13 50 20.521966913529514
13 51 19.53063281104839
13 52 16.36148070927567
13 53 14.152517125939116
13 54 14.952420740468748
13 55 15.168516242533414
13 56 15.697489894884468
13 57 15.775062123490986
13 58 13.787815599289106
13 59 16.93132629181778
13 60 15.368350171700278
13 61 13.51022224095518
13 62 15.71890056587928
13 63 13.237447299234093
13 64 14.106473691181648
13 65 12.39087099440552
13 66 11.353821427167155
13 67 9.490383237783393
13 68 10.532049800489931
13 69 13.783858204436086
13 70 13.692541363822862
13 71 11.196116648195481
13 72 13.732716592138644
13 73 17.489658830291685
13 74 20.15796936697742
13 75 21.954675356288007
13 76 24.536115768393334
13 77 25.793716773664084
13 78 25.973459338332272
13 79 29.03847297982454
13 80 29.508390705018126
13 81 31.9582420667971
13 82 35.30148627182714
13 83 36.43823526187842
14 15 3.815408366086126
14 16 5.752148207409125
14 17 7.313924664637995
14 18 8.22745142799397
14 19 5.243059126120932
14 20 5.435210759483021
14 21 5.1102482327182495
14 22 8.058362426696878
14 23 11.029776697648959
14 24 14.091421007123445
14 25 16.52383714516698
14 26 14.517911454475811
14 27 16.46823093109882
14 28 15.188340133141606
14 29 17.708581959038955
14 30 17.819567306755793
14 31 20.795389176449667
14 32 23.498124584740797
14 33 24.553236385454365
14 34 21.231535507353207
14 35 21.593143772966453
14 36 25.294864419482465
14 37 24.707102096360874
14 38 22.572841868050197
14 39 25.53573533305826
14 40 24.500316426528048
14 41 27.64362803613158
14 42 28.38726894225649
14 43 27.474362121803665
14 44 24.367256923995367
14 45 22.267409840392304
14 46 23.24779761611839
14 47 21.62993788710453
14 48 17.899157214796453
14 49 17.592828823131317
14 50 20.053331169658573
14 51 18.458969337425096
14 52 15.2580176300855
14 53 12.46367546111499
14 54 13.232414556686166
14 55 12.95160978411564
14 56 13.970082104268391
14 57 14.421851892180836
14 58 13.280865408549246
14 59 16.80355144009742
14 60 15.95049397354201
14 61 13.66106833304043
14 62 14.983021791347698
14 63 11.831551293046909
14 64 11.993113732471647
14 65 9.726060096462492
14 66 8.765487322448193
14 67 8.064380757379947
14 68 9.900289187695478
14 69 13.514147919865314
14 70 14.253429201423776
14 71 12.413180776900012
14 72 14.687910334693631
14 73 18.466024721092516
14 74 20.62511721178815
14 75 22.652262822949943
14 76 24.7650418533868
14 77 25.529571637612722
14 78 25.528030926806714
14 79 28.283237685951022
14 80 28.440935445234565
14 81 31.07526065860108
14 82 34.19747938079647
14 83 35.219354253024
15 16 3.8290236353409974
15 17 6.989119043198505
15 18 8.55868623095858
15 19 6.645233931172023
15 20 8.556390652605804
15 21 8.904599036453018
15 22 11.569195996265254
15 23 14.515633606563648
15 24 17.279343187748776
15 25 19.896766847907724
15 26 18.06681538069175
15 27 19.84245798786027
15 28 18.248246737700583
15 29 20.451531629684855
15 30 19.976405432409507
15 31 22.715657023295627
15 32 25.14415347550997
15 33 25.837651789588
15 34 22.271140092056353
15 35 22.492413187561713
15 36 26.038434380738025
15 37 25.10267796471126
15 38 22.62898833355128
15 39 25.57081512193149
15 40 24.89859345424958
15 41 28.271515169866646
15 42 29.47966012354959
15 43 28.67149335141091
15 44 25.292813109656265
15 45 23.68050974958098
15 46 24.821842175793478
15 47 22.751378156059033
15 48 19.07226793016499
15 49 18.266589309446907
15 50 20.262710332036036
15 51 18.7421532914444
15 52 15.227446108917936
15 53 12.686254963542236
15 54 14.324193170995704
15 55 14.396417783601587
15 56 16.213386845443488
15 57 17.263152000721075
15 58 16.633541144326422
15 59 20.288066196658566
15 60 19.679224654442052
15 61 17.367763730544013
15 62 18.39212230820576
15 63 14.989233302607575
15 64 14.559384877116202
15 65 11.673583682828507
15 66 10.07537418659972
15 67 9.805089800710649
15 68 10.862064490694207
15 69 14.681198690842653
15 70 15.17552137489846
15 71 14.154447075036172
15 72 16.887160240845706
15 73 20.667897474102197
15 74 22.856184305347206
15 75 25.28329001534413
15 76 27.325957275089195
15 77 28.06527065609737
15 78 28.285511450210688
15 79 30.946837463624615
15 80 31.110962280199562
15 81 33.94538018641123
15 82 36.93923449396319
15 83 38.00129346482827
16 17 3.809473848184287
16 18 5.465610487402116
16 19 5.298174025076941
16 20 8.32808987703663
16 21 10.133664391521954
16 22 13.200513702125383
16 23 16.539212828910568
16 24 19.524869756287746
16 25 21.64718016278333
16 26 19.258644448662526
16 27 20.47738198598639
16 28 18.33522601442371
16 29 19.936664063980214
16 30 19.078182984760367
16 31 21.31537018210099
16 32 23.860772200412963
16 33 24.043317782702122
16 34 20.40606814160925
16 35 21.129044772540002
16 36 24.476092519027624
16 37 23.073396867388208
16 38 20.860709599627718
16 39 24.109803607661345
16 40 23.924965663507233
16 41 27.466660262944238
16 42 28.890466991725834
16 43 28.57750795643315
16 44 25.230498786191287
16 45 23.593992328556862
16 46 25.29004774609965
16 47 23.449151498508424
16 48 19.688413699432466
16 49 19.407971068609932
16 50 20.930027568065935
16 51 18.78851500252215
16 52 15.56157206068847
16 53 12.490672479894748
16 54 13.705079569269198
16 55 13.035549432225707
16 56 15.085256013737387
16 57 16.27937397445
16 58 16.40850672669515
16 59 20.114690054783345
16 60 20.063360261930203
16 61 17.487627083169404
16 62 17.711622427095715
16 63 14.012319187058223
16 64 12.997728032237019
16 65 9.941803156369572
16 66 8.87905338422965
16 67 10.085232372136995
16 68 11.926925966065186
16 69 15.602826827213073
16 70 16.90565517807577
16 71 16.185601193653575
16 72 18.385167853462747
16 73 22.01863188302125
16 74 23.658956549264808
16 75 26.07014211698893
16 76 27.634971955838857
16 77 27.860274244881364
16 78 27.79179537201582
16 79 30.0794126771119
16 80 29.875878397128343
16 81 32.76876924756254
16 82 35.500682711745135
16 83 36.37924181452934
17 18 3.83342940459323
17 19 5.515610120376531
17 20 7.91405041682197
17 21 10.35183698673815
17 22 13.838339965472738
17 23 17.118419611634714
17 24 20.45662865674596
17 25 22.166015293687767
17 26 19.32111044945399
17 27 20.329050199160804
17 28 18.114953215506798
17 29 19.43290634465159
17 30 18.79436375619031
17 31 20.680938300763824
17 32 23.61006778897511
17 33 23.547683559110435
17 34 20.07909664302655
17 35 21.460117846833928
17 36 24.69409884972521
17 37 23.072604014284995
17 38 21.41988361312918
17 39 24.942447293719997
17 40 24.95305826947871
17 41 28.451011387998143
17 42 29.715191535643854
17 43 29.7231694474193
17 44 26.61211179143812
17 45 24.62651873489227
17 46 26.590578857933878
17 47 25.221289994764348
17 48 21.40958740844858
17 49 21.72330393839758
17 50 23.248076415049912
17 51 20.712350784012905
17 52 17.87495482511774
17 53 14.399432349922687
17 54 14.695187409488861
17 55 13.022413217218997
17 56 14.488843501121819
17 57 15.089336433388977
17 58 15.474670723475832
17 59 18.951513580714337
17 60 19.048384235939807
17 61 16.061988855680358
17 62 15.732702946410704
17 63 12.028908595545984
17 64 11.20213269873197
17 65 8.840824904950894
17 66 9.296106819523967
17 67 11.398658298238438
17 68 14.114776512577166
17 69 17.549906723398845
17 70 19.35537656569874
17 71 18.280206481328378
17 72 19.91960747605233
17 73 23.426671060993705
17 74 24.697681875026248
17 75 26.731469413408607
17 76 27.992323376240137
17 77 27.80416418452459
17 78 27.221529071674137
17 79 29.199789999244857
17 80 28.540115784628487
17 81 31.225606495310867
17 82 33.77844439875821
17 83 34.30380661092876
18 19 3.8267288903187278
18 20 6.752605200957627
18 21 10.150481860483275
18 22 13.055076637078773
18 23 16.659533756981318
18 24 19.714085243804746
18 25 20.923535575996713
18 26 17.85163678770101
18 27 18.203856981420174
18 28 15.502351466793675
18 29 16.323186024793078
18 30 15.300217580152253
18 31 16.99176065038582
18 32 19.85234117176108
18 33 19.718103458497218
18 34 16.248233411666636
18 35 17.71978275826202
18 36 20.92326520885304
18 37 19.347348474661842
18 38 17.84204727602749
18 39 21.411344049358508
18 40 21.427513014813456
18 41 24.884684165164725
18 42 26.12402612538887
18 43 26.33424160669906
18 44 23.326959531837833
18 45 21.29594412088837
18 46 23.53181083129813
18 47 22.384949095318486
18 48 18.622859125279337
18 49 19.399238412886213
18 50 20.67666505991718
18 51 17.80482086402444
18 52 15.382090137559329
18 53 11.686027254803061
18 54 11.43492798403208
18 55 9.407507693326643
18 56 11.10235051689506
18 57 12.204346807592778
18 58 13.278012690158118
18 59 16.83844119863831
18 60 17.610279526458402
18 61 15.066343584294103
18 62 14.21995488741086
18 63 10.408669127222751
18 64 8.513882897949678
18 65 5.600102320493796
18 66 6.150120730522287
18 67 9.110268601967782
18 68 12.161214947528885
18 69 15.170651304410102
18 70 17.5596583395008
18 71 16.776042262703086
18 72 17.882643512635376
18 73 21.1230955117852
18 74 21.945760433395787
18 75 24.03011514745612
18 76 24.957124934575297
18 77 24.52985790827171
18 78 23.988503621526707
18 79 25.84267882786148
18 80 25.235577584037976
18 81 28.105137501887445
18 82 30.607493673935473
18 83 31.336635508618343
19 20 3.795309341806014
19 21 6.851663885509854
19 22 9.487977339770579
19 23 13.166533674433829
19 24 16.087125131607575
19 25 17.538288428464167
19 26 14.748083468708739
19 27 15.495123781370705
19 28 13.14128688523312
19 29 14.684029215443559
19 30 14.09278077598598
19 31 16.544578145120536
19 32 19.33092729281242
19 33 19.914212763752424
19 34 16.50743847482098
19 35 17.347603321496603
19 36 20.902891785587943
19 37 19.978990239749358
19 38 18.164018525645695
19 39 21.423661358413973
19 40 20.78487887864637
19 41 24.06922728298522
19 42 24.998637782887293
19 43 24.68621171828517
19 44 21.646036427022846
19 45 19.477986086862266
19 46 21.221112765357052
19 47 19.95058360048648
19 48 16.123775302329168
19 49 16.66823376965898
19 50 18.48591404285977
19 51 16.031474043268762
19 52 13.352043326772124
19 53 9.80358929168292
19 54 9.744960235937343
19 55 8.519430086572694
19 56 9.978957911525633
19 57 11.047548370566204
19 58 11.264487072210612
19 59 15.026965229213783
19 60 15.37221470706157
19 61 13.16389885254365
19 62 13.163390482698597
19 63 9.488930023980574
19 64 8.149516181958289
19 65 5.033911600336264
19 66 4.352453216290786
19 67 5.94618465909023
19 68 9.046042836511443
19 69 12.277414263598015
19 70 14.335668976368002
19 71 13.17936500746527
19 72 14.503058470543378
19 73 17.9421600148923
19 74 19.197860844375345
19 75 21.319190650679026
19 76 22.702189035421235
19 77 22.787323954339175
19 78 22.564502697821638
19 79 24.896520459694766
19 80 24.762457107484305
19 81 27.62657948425755
19 82 30.48100295265889
19 83 31.500093634781468
20 21 3.7871177694917275
20 22 6.49830539448555
20 23 9.98452773044374
20 24 13.168301864705258
20 25 14.403270670233201
20 26 11.436703414883155
20 27 12.531412769516452
20 28 10.754272081363759
20 29 12.917425865860427
20 30 13.32104031222787
20 31 16.15293270585871
20 32 19.23992648114852
20 33 20.357107874155407
20 34 17.354006569089456
20 35 18.232093406956864
20 36 21.907473473680163
20 37 21.473534455231167
20 38 20.003107208631363
20 39 23.115182781020792
20 40 22.00831499683699
20 41 24.94279124316282
20 42 25.304717544363143
20 43 24.74190619172258
20 44 22.03760163901689
20 45 19.37945832576339
20 46 20.738895293626417
20 47 19.925655949052217
20 48 16.175581504230383
20 49 17.043627254783534
20 50 19.420404810404957
20 51 17.19720991905373
20 52 14.82168013418182
20 53 11.472690094306566
20 54 10.60714716594429
20 55 9.180419598253666
20 56 9.19293065349674
20 57 9.099102812915127
20 58 8.272898766454235
20 59 11.90741101163473
20 60 11.774346266353815
20 61 9.51234608285464
20 62 10.060702659357347
20 63 6.724764531193639
20 64 6.695926597566613
20 65 5.199599696130463
20 66 5.873669040727441
20 67 6.173326898844739
20 68 9.615175609420765
20 69 12.410117082445273
20 70 14.345280199424478
20 71 12.279463546914418
20 72 13.123586171470054
20 73 16.501288586046847
20 74 17.850832809703867
20 75 19.428015724720833
20 76 21.017092424976394
20 77 21.254823640764467
20 78 20.775260936989458
20 79 23.302739967651874
20 80 23.202766925519892
20 81 25.76385640776629
20 82 28.833224446807886
20 83 29.789920006606263
21 22 3.8098110189351915
21 23 6.772610353475239
21 24 10.235684100244594
21 25 12.102987854244919
21 26 9.739049542948225
21 27 11.92509433924948
21 28 11.272144294676147
21 29 14.272026555468567
21 30 15.352088652688273
21 31 18.59158384861279
21 32 21.554562626042774
21 33 23.14447782949531
21 34 20.317216960007094
21 35 20.791312296245273
21 36 24.56778331473965
21 37 24.52326831806886
21 38 22.894109482572148
21 39 25.73668754910002
21 40 24.221533394894717
21 41 26.93591799066815
21 42 27.006952012398585
21 43 25.955497818381367
21 44 23.33208132593404
21 45 20.62316857323336
21 46 21.32258204345806
21 47 20.43342839564619
21 48 16.839332053261494
21 49 17.282227084493478
21 50 20.203823054065783
21 51 18.60476266981119
21 52 16.064621346300072
21 53 13.270332362077447
21 54 12.774774596837315
21 55 12.097613855632854
21 56 11.721743940216404
21 57 11.136364622263407
21 58 9.013008543211306
21 59 12.187904577900174
21 60 10.930983258609446
21 61 8.901594969442273
21 62 10.841571242213924
21 63 8.44676334461905
21 64 9.655115328156366
21 65 8.821335953244269
21 66 8.932975148291861
21 67 7.645423075278438
21 68 10.152550664734454
21 69 12.87334467028674
21 70 13.928864167619698
21 71 11.119344225267964
21 72 12.325088437816584
21 73 15.830359629522004
21 74 17.816467466925086
21 75 19.154701093987345
21 76 21.32141901938049
21 77 22.12710448748322
21 78 21.825169186056726
21 79 24.709645829108922
21 80 24.919725720801985
21 81 27.241360758963566
21 82 30.546886666238183
21 83 31.56583141626401
22 23 3.7979503682907714
22 24 6.698407049440934
22 25 8.517780168565048
22 26 6.609485759119238
22 27 9.169988604136867
22 28 9.251184843034972
22 29 12.76822188090417
22 30 14.289421751771481
22 31 17.881658368283407
22 32 20.536030142167203
22 33 22.686230140770416
22 34 20.184539058398137
22 35 20.15600205894016
22 36 23.954631556339997
22 37 24.50177603766715
22 38 22.86488777580157
22 39 25.2994259618672
22 40 23.272936471360893
22 41 25.601552335747144
22 42 25.266418602564155
22 43 23.81328694237736
22 44 21.431637804890226
22 45 18.608317763838837
22 46 18.75319314143594
22 47 18.052067803994092
22 48 14.747661645155818
22 49 15.259590328708041
22 50 18.549218150639124
22 51 17.401406207545413
22 52 15.233234554749034
22 53 13.049212581608135
22 54 12.334415186785307
22 55 12.356427517692968
22 56 11.538479839216256
22 57 10.964130654092006
22 58 8.204188869108268
22 59 10.95068701041172
22 60 9.48939803148756
22 61 8.839693263909105
22 62 11.33715321410097
22 63 9.850454761075754
22 64 10.984436626427412
22 65 10.487200007628346
22 66 10.087153265416365
22 67 7.628656893582251
22 68 9.301351783477495
22 69 11.130992543344911
22 70 11.83594056254086
22 71 8.484198253223461
22 72 9.210416765814673
22 73 12.544860860129138
22 74 14.794588503909123
22 75 15.948594734333179
22 76 18.477982600922644
22 77 19.760201846135075
22 78 19.808398572322805
22 79 23.030447694302428
22 80 23.74369259403431
22 81 26.02066755484955
22 82 29.539323705867062
22 83 30.896631224131863
23 24 3.8130415680923275
23 25 6.169363662485784
23 26 5.597562058610873
23 27 9.21764590337468
23 28 10.744357868202268
23 29 14.537546870087814
23 30 16.709035190578778
23 31 20.349853783258492
23 32 22.92000874781683
23 33 25.405723154439045
23 34 23.223629647408693
23 35 23.063709415443128
23 36 26.8040861437207
23 37 27.670215069637607
23 38 26.140315338572336
23 39 28.360172936708267
23 40 26.045836884231615
23 41 28.043663259281942
23 42 27.31410481784091
23 43 25.53475623537456
23 44 23.480937459990816
23 45 20.56289310870433
23 46 20.109766532707432
23 47 19.670656598090467
23 48 16.79781399468395
23 49 17.192914645283388
23 50 20.769839888646228
23 51 20.09388725458566
23 52 18.129973965783847
23 53 16.38305874981836
23 54 15.62433374579537
23 55 15.778166750291366
23 56 14.48647210331073
23 57 13.340464084881004
23 58 9.938079693783905
23 59 11.574137246464637
23 60 9.087940800863526
23 61 9.185076047589373
23 62 12.502733301162591
23 63 12.049351185852291
23 64 13.903317409884592
23 65 14.009364689378318
23 66 13.841130228417043
23 67 11.237283168097171
23 68 12.342672076985599
23 69 13.605259130204026
23 70 13.638411857690762
23 71 9.87379131843488
23 72 10.266480117352781
23 73 13.028568954417057
23 74 15.562103135501962
23 75 16.05120123230657
23 76 18.959350358068704
23 77 20.648072597702672
23 78 20.681775963393473
23 79 24.063202405332504
23 80 24.962216748518145
23 81 26.848547875071382
23 82 30.50422780533872
23 83 31.842419851512545
24 25 3.8245237612021703
24 26 5.7285073972196265
24 27 9.095843776143035
24 28 11.349394609405383
24 29 15.119864450450605
24 30 17.406926236415206
24 31 21.14073482639617
24 32 23.245163991677924
24 33 26.129593203875178
24 34 24.24448106270786
24 35 23.582252776187435
24 36 27.21577744618
24 37 28.5602219879328
24 38 26.973205185887714
24 39 28.750074939032768
24 40 26.040820589989096
24 41 27.6277981207334
24 42 26.56678783744847
24 43 24.36011013932408
24 44 22.592769330031235
24 45 19.791860574488695
24 46 18.65289049986623
24 47 18.334469640543194
24 48 16.035438160524333
24 49 16.282071551249246
24 50 20.03419988419802
24 51 19.95326567256598
24 52 18.373559426523755
24 53 17.342385649039176
24 54 16.646746979515243
24 55 17.424399272284827
24 56 16.08787251316966
24 57 15.209884614946953
24 58 11.872849615825174
24 59 12.907172385925586
24 60 10.613001931593152
24 61 11.879363703498601
24 62 15.109611312009319
24 63 15.068645260938357
24 64 16.597052419029108
24 65 16.662560817593434
24 66 16.05432022852416
24 67 12.959282194627912
24 68 13.163006799360092
24 69 13.503401571455985
24 70 12.915671023992521
24 71 9.139704207467547
24 72 9.0041302744907
24 73 11.018861511063653
24 74 13.881805286056995
24 75 14.108809907288425
24 76 17.440788972979405
24 77 19.72142748383088
24 78 20.246201248629333
24 79 23.866580986810828
24 80 25.292798362379756
24 81 27.1122778275821
24 82 30.88205624630588
24 83 32.55216988159161
25 26 3.8320596289723885
25 27 6.438055917744113
25 28 9.5680224707094
25 29 13.103029000960046
25 30 15.912067778890334
25 31 19.46097554080987
25 32 21.491543941746016
25 33 24.613931603870196
25 34 23.224713604262163
25 35 22.65054922071427
25 36 26.088374690654838
25 37 27.738369274346322
25 38 26.584769511884055
25 39 28.21005007085241
25 40 25.35078434684024
25 41 26.556655757079053
25 42 25.045830191870262
25 43 22.922171450366566
25 44 21.672700062521052
25 45 18.54878974488632
25 46 17.337487188171185
25 47 17.804904127795805
25 48 15.862015351146272
25 49 16.88511859597083
25 50 20.460770586661685
25 51 20.189057655076425
25 52 19.268867429094012
25 53 18.22663978905602
25 54 16.799427639059612
25 55 17.30049843212617
25 56 15.299849868544461
25 57 14.028408676681757
25 58 10.69930483723125
25 59 10.73857071495085
25 60 8.745416399463206
25 61 11.15092794344937
25 62 14.0505708069103
25 63 14.77854147065941
25 64 16.284809946695724
25 65 17.001524490468494
25 66 16.82835660425581
25 67 14.060310558447847
25 68 14.595719989092693
25 69 14.194893870684629
25 70 14.244389281397781
25 71 10.757039137234743
25 72 9.154472240386117
25 73 10.092038693940882
25 74 12.157631759516324
25 75 11.481815231051229
25 76 14.634123069046536
25 77 16.861571516320772
25 78 17.197584394327013
25 79 20.80876579713463
25 80 22.356732252276938
25 81 23.933103831304457
25 82 27.740759578641676
25 83 29.49876821157114
26 27 3.8371297867025556
26 28 6.5426099532220325
26 29 10.2188354522421
26 30 13.152245055502883
26 31 16.621415523354198
26 32 19.104404256610568
26 33 21.94444886525975
26 34 20.440636511615775
26 35 20.362245283858066
26 36 23.852943025966418
26 37 25.17727652070414
26 38 24.248547564751174
26 39 26.232211382191934
26 40 23.693246421712665
26 41 25.188331862193653
26 42 23.888055027565557
26 43 22.27671225742255
26 44 20.865222860060708
26 45 17.485806930193412
26 46 17.06990289954808
26 47 17.652477163276544
26 48 15.19034081250319
26 49 16.72156173926347
26 50 20.04109802381097
26 51 19.061565885309633
26 52 18.10184424305988
26 53 16.409651580700913
26 54 14.510154168719229
26 55 14.338832204890327
26 56 12.013881096465038
26 57 10.36485624598817
26 58 6.899917753133004
26 59 7.258561152184364
26 60 5.547040021488938
26 61 7.791036452231499
26 62 10.37598771202048
26 63 11.041159585840612
26 64 12.563101766681667
26 65 13.622470187157688
26 66 13.983734443988846
26 67 11.800779381040899
26 68 13.24201906810287
26 69 13.237932806900027
26 70 14.222237974383637
26 71 10.855589804335828
26 72 9.15348736821109
26 73 10.690074087675912
26 74 12.095373867723147
26 75 11.673824651758308
26 76 14.169253085466433
26 77 15.624243629692927
26 78 15.395561892961231
26 79 18.796422452158282
26 80 19.86590143940113
26 81 21.60201356355467
26 82 25.335521486640054
26 83 26.88300200870431
27 28 3.815748681451649
27 29 6.9192127442361535
27 30 10.225454366432817
27 31 13.4660821696587
27 32 15.812702646922823
27 33 18.8217908021527
27 34 17.773626022846322
27 35 17.743229243855247
27 36 20.999987761901195
27 37 22.579076198994503
27 38 22.05509469487719
27 39 23.867513087877423
27 40 21.280250632922534
27 41 22.482131682738625
27 42 20.911654023534343
27 43 19.567400338317814
27 44 18.54304947952197
27 45 14.920997989410761
27 46 14.793303282228752
27 47 16.044848238609177
27 48 13.861431491732736
27 49 16.173646156633943
27 50 19.069047092080925
27 51 17.771978983782308
27 52 17.52169169914823
27 53 15.882193236451949
27 54 13.297117920812765
27 55 12.928790275969364
27 56 10.098953114060881
27 57 8.49648150707103
27 58 5.912628518687775
27 59 5.475054063660011
27 60 5.9391036360716924
27 61 8.852869704225856
27 62 10.120409873122727
27 63 11.071945267205757
27 64 11.80818237494662
27 65 13.21304578815952
27 66 13.751948734633938
27 67 12.055827843827233
27 68 13.617012080482267
27 69 12.859874649466844
27 70 14.584263231305172
27 71 11.892878667505189
27 72 9.177537905124664
27 73 9.794808880218133
27 74 9.956901827375823
27 75 9.114636635653667
27 76 10.920822954338194
27 77 11.947367157662814
27 78 11.56507626433998
27 79 14.983139524145132
27 80 16.20542924454641
27 81 18.087684290699016
27 82 21.836842674709178
27 83 23.634626588968988
28 29 3.825228228485197
28 30 6.6602020239629365
28 31 10.081140560472312
28 32 12.673795445721854
28 33 15.416296604567519
28 34 14.085160133984987
28 35 14.255502165830567
28 36 17.609485909588614
28 37 18.933021787342874
28 38 18.43529099309257
28 39 20.46695627102379
28 40 18.153768782266674
28 41 19.686119450008423
28 42 18.513255845474614
28 43 17.636857826721858
28 44 16.2844975974084
28 45 12.643266864224609
28 46 13.408616110546232
28 47 14.493637397147756
28 48 11.899004202033042
28 49 14.592021587155083
28 50 17.03051317488701
28 51 15.127582919951225
28 52 14.989365096627676
28 53 12.99388602381905
28 54 9.980989279625543
28 55 9.273261777821222
28 56 6.366793698558168
28 57 5.481972637655171
28 58 4.394992377695325
28 59 5.639002482709155
28 60 7.673770259787558
28 61 9.413469923466053
28 62 9.541575236825416
28 63 9.526073377840422
28 64 9.096293365981552
28 65 10.20140681474864
28 66 10.711787339188545
28 67 9.622661014501135
28 68 11.601578944264439
28 69 10.898713226798842
28 70 13.466312635610388
28 71 11.440325563549317
28 72 8.857499985887666
28 73 9.90049640169623
28 74 9.490899641235282
28 75 9.70213765105402
28 76 10.742183297635542
28 77 11.00257678909809
28 78 10.627104732710599
28 79 13.796161277688807
28 80 14.766686866050895
28 81 17.27258524367444
28 82 20.827496825110785
28 83 22.68291229097357
29 30 3.8281306142815974
29 31 6.574892850837951
29 32 9.277712217998575
29 33 12.014056850206762
29 34 11.25424342192757
29 35 11.789889439685174
29 36 14.76077372633291
29 37 16.19592692623673
29 38 16.3278009848234
29 39 18.269502565751484
29 40 16.15584878612077
29 41 17.459817753917136
29 42 16.17523641249178
29 43 15.959024688244579
29 44 15.006286182796861
29 45 11.28115091646238
29 46 12.829534247196971
29 47 14.500477854195012
29 48 12.28469348416964
29 49 15.587695179211067
29 50 17.28529941887036
29 51 14.912851974052447
29 52 15.525020354253968
29 53 13.554310790298413
29 54 9.959338331435477
29 55 8.735438798366113
29 56 5.494203217937975
29 57 5.226619079290167
29 58 6.532462093269276
29 59 7.018028640579918
29 60 10.227442153344109
29 61 11.833985085337904
29 62 10.756619217951336
29 63 10.819165448406823
29 64 9.415643472434585
29 65 10.762848600626139
29 66 11.556980704318928
29 67 11.413353670153223
29 68 13.4331761322481
29 69 12.290451130857647
29 70 15.412943229636577
29 71 14.156547672367017
29 72 11.344368867416113
29 73 11.669473595668315
29 74 10.011087603252706
29 75 10.115371273462976
29 76 9.73625867569263
29 77 8.739270164035439
29 78 7.908416276347623
29 79 10.623886718146048
29 80 11.456151797178666
29 81 14.36895716466578
29 82 17.737465743448247
29 83 19.787316366804262
30 31 3.821347406347661
30 32 6.372804720058509
30 33 8.816048207672187
30 34 7.5937966130256624
30 35 8.031578736462713
30 36 11.151554914001903
30 37 12.45139433959105
30 38 12.506514982200278
30 39 14.52831428624808
30 40 12.664725105583617
30 41 14.318999546057679
30 42 13.609559765106292
30 43 13.90851627600874
30 44 12.572773639893466
30 45 9.177832314876971
30 46 11.703960056322817
30 47 13.016370845976999
30 48 10.72832559162892
30 49 14.18078534496591
30 50 15.14446618405548
30 51 12.269494447612745
30 52 13.252952463507897
30 53 11.32594547929664
30 54 7.551571227234767
30 55 6.448985889269722
30 56 4.461003138308692
30 57 6.574412445230372
30 58 9.046817838334096
30 59 10.46555082162425
30 60 13.605167290408449
30 61 14.598035039004394
30 62 13.200268368484027
30 63 12.321163946640754
30 64 9.778587321285217
30 65 10.091743655087559
30 66 10.25224985064254
30 67 10.692311536800636
30 68 12.450700582698147
30 69 11.149619589923235
30 70 14.727014463223698
30 71 14.375768153389231
30 72 11.929232037310701
30 73 12.362533963552941
30 74 10.457865700036505
30 75 11.629373499892418
30 76 10.833146588134031
30 77 9.49020479231086
30 78 9.394579713856285
30 79 11.500444034905783
30 80 12.303276230338
30 81 15.762432997478532
30 82 18.69185049694117
30 83 20.894246600440038
31 32 3.834899737933184
31 33 5.519905977460124
31 34 5.469980164497858
31 35 7.026459492518262
31 36 9.123100405015828
31 37 10.280126896103958
31 38 11.45353556767516
31 39 13.389455702156082
31 40 12.154407348776822
31 41 13.51517739432228
31 42 12.881032295588735
31 43 14.181868882485128
31 44 13.381923665900953
31 45 10.43184001027623
31 46 13.512489222937422
31 47 15.17488958773671
31 48 13.403393823953694
31 49 16.96462274853172
31 50 17.231378122483413
31 51 14.08736575801168
31 52 15.585798952892983
31 53 13.739420548189068
31 54 10.056107596878624
31 55 8.467723365816811
31 56 6.967530767782801
31 57 8.748972682549649
31 58 11.894270763691232
31 59 12.786191536184653
31 60 16.312526383120428
31 61 17.181258248452004
31 62 15.096091182819478
31 63 14.388712138339553
31 64 11.518139346265958
31 65 12.104088152355798
31 66 12.683362763872994
31 67 13.878234541900493
31 68 15.690876744146582
31 69 14.37622137419983
31 70 18.049367052614336
31 71 18.046654038907047
31 72 15.606670144524744
31 73 15.699786431668425
31 74 13.264802863216627
31 75 14.134733389774285
31 76 12.386662383386414
31 77 9.970299644443992
31 78 9.337343091051116
31 79 10.154549374541444
31 80 10.383939040653118
31 81 14.093417825353793
31 82 16.469009775939778
31 83 18.693821893877132
32 33 3.8145922455748793
32 34 5.4221253213108245
32 35 5.422971971161201
32 36 6.384151705590962
32 37 8.715002065404228
32 38 10.181649227900165
32 39 11.093489802582413
32 40 9.605152679681881
32 41 10.217692303059435
32 42 9.375007466663694
32 43 11.236508042982038
32 44 10.994298022156759
32 45 8.636181911006739
32 46 11.97584372810534
32 47 13.922598248890184
32 48 13.025919161425808
32 49 16.66564253186777
32 50 16.246408833954657
32 51 13.331853809579522
32 52 15.67350672312996
32 53 14.664068500931112
32 54 11.389032092324616
32 55 10.868548155112531
32 56 10.195277975612044
32 57 12.365761238193143
32 58 15.221437021516728
32 59 15.994915254542613
32 60 19.44618093611185
32 61 20.64511416776376
32 62 18.78618037281661
32 63 18.086470772375687
32 64 15.161794682688459
32 65 15.280763135393467
32 66 15.177529805604074
32 67 16.023505172090154
32 68 17.07912693904463
32 69 15.09231542872067
32 70 18.60516903981257
32 71 19.240124064049066
32 72 16.64124012806738
32 73 16.068576974953324
32 74 13.124296057312941
32 75 14.196018878544788
32 76 11.889738811260742
32 77 9.358428233416124
32 78 9.768849266930062
32 79 10.221069855939739
32 80 11.254639843193562
32 81 15.032928324182219
32 82 17.075149984699987
32 83 19.795995478884105
33 34 3.802841700623365
33 35 5.493986257718525
33 36 5.030010238558168
33 37 6.008502059581905
33 38 8.622485662498953
33 39 9.919425689020509
33 40 9.820353863278044
33 41 10.878457335486496
33 42 11.069514216983508
33 43 13.682722280306649
33 44 13.194683209535574
33 45 11.570889334878284
33 46 15.197727889391889
33 47 16.670875381934806
33 48 15.580882580906641
33 49 18.950471735553183
33 50 18.069455498160426
33 51 14.786419647771398
33 52 16.971055859904535
33 53 15.687324724120426
33 54 12.661141259775913
33 55 11.610913357699298
33 56 11.565957764059146
33 57 13.897127365034834
33 58 17.246167023428715
33 59 18.27498941176164
33 60 21.81632271946856
33 61 22.49966366415285
33 62 20.202223169740503
33 63 19.161197692211207
33 64 15.856706026158143
33 65 15.786395345359878
33 66 15.884837204076094
33 67 17.486539337444675
33 68 18.784396743041818
33 69 17.278502857597356
33 70 20.93098499832246
33 71 21.77853268702922
33 72 19.589537896540595
33 73 19.419074540255515
33 74 16.70387898064399
33 75 17.968567499942782
33 76 15.695939634185654
33 77 13.012094566210315
33 78 12.947987720105392
33 79 12.623627252101514
33 80 12.734762973844468
33 81 16.43085725091664
33 82 17.816361048205103
33 83 20.158050922646265
34 35 3.8132183257715524
34 36 5.4883299827907575
34 37 5.140328588718818
34 38 6.398750971869432
34 39 8.93433886753799
34 40 9.01175482356239
34 41 11.312814459717792
34 42 12.250059346795018
34 43 14.279979481777977
34 44 12.764178077729877
34 45 11.128065105848368
34 46 14.863535043858173
34 47 15.5541120286566
34 48 13.757821375494014
34 49 16.804247855825025
34 50 16.046152529500645
34 51 12.436867652266788
34 52 14.044942078912252
34 53 12.360104611207786
34 54 9.502675991529964
34 55 8.36411525506434
34 56 9.228180860819753
34 57 12.196293207364276
34 58 15.56402936260402
34 59 17.33208922778786
34 60 20.59416310511306
34 61 20.818883543552477
34 62 18.7067976414992
34 63 17.03881116744945
34 64 13.464292517618592
34 65 12.718662862109365
34 66 12.477139576040656
34 67 14.34086290988098
34 68 15.724156765944558
34 69 14.709720119703164
34 70 18.44583031473509
34 71 19.355823025642696
34 72 17.689747030412843
34 73 18.1822199139709
34 74 16.090397136180325
34 75 17.927737475766428
34 76 16.394204768758993
34 77 14.333715219718858
34 78 14.438534378530253
34 79 14.910826737642685
34 80 14.999760964762073
34 81 18.735200586062593
34 82 20.49714067864101
34 83 22.573455871886342
35 36 3.8321276074786446
35 37 5.439479570694242
35 38 5.1469507477729
35 39 6.546936459138733
35 40 5.469806120878509
35 41 7.921119175975071
35 42 9.117217228957529
35 43 10.881150858250242
35 44 9.077297615480061
35 45 7.999003500436788
35 46 11.815132246403337
35 47 12.26633779903358
35 48 10.969096726713644
35 49 13.969341931529918
35 50 12.77308204780663
35 51 9.384995098560255
35 52 11.728507151381203
35 53 11.019404248869355
35 54 8.65341903527155
35 55 9.124244078278483
35 56 10.43419771712229
35 57 13.76354118677312
35 58 16.59380559124398
35 59 18.45836745218818
35 60 21.48969371582573
35 61 22.096303808555852
35 62 20.538716026081083
35 63 18.857107413386604
35 64 15.450724610839453
35 65 14.235791337330005
35 66 13.05240154147887
35 67 14.04170306622384
35 68 14.494602374677273
35 69 12.765732881429095
35 70 16.26826954534501
35 71 17.737982382446997
35 72 16.02755046786626
35 73 16.125973986088407
35 74 13.97939662503357
35 75 16.291339447694284
35 76 14.91585378045789
35 77 13.45234262126861
35 78 14.561607088505033
35 79 15.556903740783381
35 80 16.52938852468536
35 81 20.324544053926523
35 82 22.324311366758888
35 83 24.830723831576073
36 37 3.8219406065505526
36 38 5.371455296286101
36 39 5.148672935815598
36 40 5.301958223147368
36 41 6.60085789878861
36 42 8.20840435163863
36 43 11.105648382692475
36 44 10.197958717312009
36 45 10.031720640049743
36 46 13.749442679614326
36 47 14.522627207223906
36 48 14.00284431820907
36 49 16.901072747018162
36 50 15.110187457473849
36 51 12.063361596172106
36 52 14.820521110946132
36 53 14.510344930428083
36 54 12.434673337084492
36 55 12.739370392605752
36 56 13.872210206019805
36 57 16.955401440249062
36 58 19.97779492336429
36 59 21.510853097913156
36 60 24.751386506618168
36 61 25.46388552440495
36 62 23.643410794553308
36 63 22.141707477066895
36 64 18.67395268816969
36 65 17.660941113089077
36 66 16.677408491729164
36 67 17.844254901788418
36 68 18.188182152155832
36 69 16.311050303398613
36 70 19.64184629814621
36 71 21.34277922389678
36 72 19.51324821755722
36 73 19.20036465799543
36 74 16.669940791736483
36 75 18.716333214601626
36 76 16.75974934180103
36 77 14.859307049792058
36 78 15.965752879209923
36 79 16.19113195548724
36 80 17.08382682539249
36 81 20.79944943982893
36 82 22.246073136623462
36 83 24.858984412079266
37 38 3.8189650430450404
37 39 5.435263103107338
37 40 7.513306395988387
37 41 9.754637512486049
37 42 11.932294330932336
37 43 14.698797297738343
37 44 13.26577664518742
37 45 13.080678613894618
37 46 16.877791443195406
37 47 17.15583437201467
37 48 16.01854178756606
37 49 18.58579559771386
37 50 16.777455617583975
37 51 13.358930009547922
37 52 15.4269616580842
37 53 14.545695308234668
37 54 12.74204116301623
37 55 12.439916639592084
37 56 14.099771983971939
37 57 17.259821609738612
37 58 20.57776533056979
37 59 22.452836146019507
37 60 25.667090485678347
37 61 25.82567726120653
37 62 23.73234666020198
37 63 21.836994344460503
37 64 18.12806754731458
37 65 16.85516588467761
37 66 16.05252659240906
37 67 17.923781827505046
37 68 18.64289902348881
37 69 17.490216979786158
37 70 20.941783734916182
37 71 22.60277073723485
37 72 21.244124317090595
37 73 21.538080810508628
37 74 19.39576763110963
37 75 21.576969782617763
37 76 19.85809839838649
37 77 17.863101242505454
37 78 18.461366065380968
37 79 18.515482170335183
37 80 18.733706760809515
37 81 22.415696040944166
37 82 23.636892223809795
37 83 25.803699192170104
38 39 3.8191125932603764
38 40 5.837527644474157
38 41 9.191366873321943
38 42 11.9701788624899
38 43 14.007150673852266
38 44 11.710474883624489
38 45 11.978289819502615
38 46 15.602800966493163
38 47 15.07114955801315
38 48 13.719098549102997
38 49 15.751524370676
38 50 13.72150170353085
38 51 10.285883967846418
38 52 12.140333191473783
38 53 11.61134677804431
38 54 10.614382742298302
38 55 11.202424291196973
38 56 13.669172762095007
38 57 17.24301916718763
38 58 20.19832780207312
38 59 22.552801089886817
38 60 25.408027117428855
38 61 25.446679822719506
38 62 23.80469109230363
38 63 21.5231571568857
38 64 17.829528681375734
38 65 15.854104610478638
38 66 14.256725921472995
38 67 15.794875276493954
38 68 15.976542366857732
38 69 14.931600517024288
38 70 18.152708833669976
38 71 20.18692054276729
38 72 19.309320133034202
38 73 19.904436967671305
38 74 18.286457229326846
38 75 21.007658722475476
38 76 19.89347405557913
38 77 18.574174921110224
38 78 19.64842052176205
38 79 20.390957652842104
38 80 20.988306339483422
38 81 24.761181090569973
38 82 26.39688439948927
38 83 28.643464210880637
39 40 3.805536230283454
39 41 6.38329632713381
39 42 9.795319137220593
39 43 12.103872149027351
39 44 10.248339426463197
39 45 11.575128249829461
39 46 14.94548175871223
39 47 14.49059260347899
39 48 14.114900141340005
39 49 16.029331146370392
39 50 13.351629263876378
39 51 10.603122276009081
39 52 13.286247513876896
39 53 13.76817522404476
39 54 13.047879521209568
39 55 14.272417139363604
39 56 16.4813517952867
39 57 20.02345931651172
39 58 22.803751818505656
39 59 24.91384928107257
39 60 27.801376530668406
39 61 28.22972098693149
39 62 26.746207899438755
39 63 24.69276025477913
39 64 21.10672930607677
39 65 19.226210182976782
39 66 17.39881108007096
39 67 18.38802833367406
39 68 17.96680230313675
39 69 16.272015517445897
39 70 19.132647778078184
39 71 21.576453879171154
39 72 20.48942656591443
39 73 20.485830468887514
39 74 18.587413026023825
39 75 21.336582013059164
39 76 19.992706895265584
39 77 18.818551139766313
39 78 20.424242360489163
39 79 21.06999698623614
39 80 22.13455511186073
39 81 25.877700709297958
39 82 27.39355024453749
39 83 29.97192895026945
40 41 3.819097537377121
40 42 6.855300795734641
40 43 8.533113089605692
40 44 6.46015069483677
40 45 7.954506772892963
40 46 11.181450219001112
40 47 10.876835753103933
40 48 10.922282911552879
40 49 13.10965220743861
40 50 10.581841333151806
40 51 8.137138440508433
40 52 11.451207927550701
40 53 12.426493511847983
40 54 11.506139491593174
40 55 13.340226722211284
40 56 15.176434923920702
40 57 18.646891778524378
40 58 21.029952805462973
40 59 22.973196164225826
40 60 25.727688178303158
40 61 26.555810607096895
40 62 25.42742305071436
40 63 23.634942161977044
40 64 20.321239824380793
40 65 18.592436096434486
40 66 16.573911336796755
40 67 16.855732378036855
40 68 16.078778591671693
40 69 13.756392368640842
40 70 16.482919067932112
40 71 18.923934051882554
40 72 17.50853291969376
40 73 17.100887871686663
40 74 15.086706897132986
40 75 17.895686239985324
40 76 16.687314493350932
40 77 15.93924581026342
40 78 18.022024026174197
40 79 19.135712398549472
40 80 20.74607996706848
40 81 24.472770501110006
40 82 26.364806864454746
40 83 29.20670958872293
41 42 3.8134510617025104
41 43 6.265620559848801
41 44 5.963406828315507
41 45 8.102977107211892
41 46 10.736402982377292
41 47 11.255787933325681
41 48 12.43289403155999
41 49 14.773419543220182
41 50 12.222797552115473
41 51 10.672383707494777
41 52 14.337859428798986
41 53 15.667273055640537
41 54 14.513227346114304
41 55 16.320798356698116
41 56 17.567652575116572
41 57 20.730966089403548
41 58 22.990113375101046
41 59 24.44835818618502
41 60 27.301737691949207
41 61 28.574189384827694
41 62 27.47320769404257
41 63 26.096102103570946
41 64 22.954381847481756
41 65 21.61605713352923
41 66 19.78288014926037
41 67 19.772659456936996
41 68 18.858377581329737
41 69 16.04167824761487
41 70 18.48100091986362
41 71 20.88681560219269
41 72 19.002477233245145
41 73 17.829222697582754
41 74 15.29844341755069
41 75 17.690666578735804
41 76 15.997272173717617
41 77 15.212094497471412
41 78 17.666954576270356
41 79 18.517435270576755
41 80 20.54791215671315
41 81 24.100615635290318
41 82 25.824673376443698
41 83 28.964630033887882
42 43 3.796729381981286
42 44 5.677582408032489
42 45 6.879416908430539
42 46 8.926146985121857
42 47 10.670854370667795
42 48 12.362198550419745
42 49 15.171245631127325
42 50 13.313705156717269
42 51 12.135768743676685
42 52 15.82648950336113
42 53 17.0433547167217
42 54 15.350981108710934
42 55 17.006746602451628
42 56 17.473197818373144
42 57 20.178487207915264
42 58 22.17535014379705
42 59 23.10044629439007
42 60 25.97798541072806
42 61 27.706629206744005
42 62 26.706615023248453
42 63 25.83331898924333
42 64 23.0174699087454
42 65 22.197609443361237
42 66 20.67481816123179
42 67 20.33843344508126
42 68 19.55302503450553
42 69 16.37387999223153
42 70 18.7393349401733
42 71 20.71388396704008
42 72 18.241211418104882
42 73 16.43348523594432
42 74 13.378867291366634
42 75 15.173167138076348
42 76 13.047891170606842
42 77 12.253149880744951
42 78 15.005309093784108
42 79 15.8821240393091
42 80 18.37643559017907
42 81 21.722801407737446
42 82 23.563930444643567
42 83 26.935411561734117
43 44 3.804903152512558
43 45 5.379637627201298
43 46 5.869078803355771
43 47 7.730131887620029
43 48 10.256296163820544
43 49 12.792262739640709
43 50 11.292967767597675
43 51 11.05224398029649
43 52 14.674622584584586
43 53 16.395255594226033
43 54 15.037691478415164
43 55 17.270078459578578
43 56 17.65770477723535
43 57 20.24893928086111
43 58 21.644123913894045
43 59 22.579497536482073
43 60 25.055566008374267
43 61 27.022916755968442
43 62 26.54403744723097
43 63 25.742895252865402
43 64 23.26236916137305
43 65 22.342208910490477
43 66 20.50508927071521
43 67 19.47185181229562
43 68 18.182206301766573
43 69 14.643046267768193
43 70 16.440413072669433
43 71 18.454852017829893
43 72 15.92814408523479
43 73 13.701453973940138
43 74 10.851420828628848
43 75 12.870320469980538
43 76 11.388967556367872
43 77 11.732915664914668
43 78 15.079057032851889
43 79 16.728664202499854
43 80 19.65285325340827
43 81 22.869900458900123
43 82 25.144842532813765
43 83 28.588344583063915
44 45 3.8175684669695182
44 46 5.28019791295743
44 47 5.340913311410325
44 48 7.249224165384872
44 49 9.596682030785432
44 50 7.776869100094202
44 51 7.2685341713443155
44 52 10.941624559451855
44 53 12.865208043401397
44 54 11.98300367186792
44 55 14.661095661648211
44 56 15.67340428879444
44 57 18.6608309032583
44 58 20.050949603447712
44 59 21.586032914827125
44 60 23.883269541668703
44 61 25.442653045623995
44 62 25.08259197132545
44 63 23.81094891011276
44 64 21.19076013266159
44 65 19.772978000291207
44 66 17.53127724953319
44 67 16.44475870908418
44 68 14.898283592414263
44 69 11.48911850404547
44 70 13.386799841635042
44 71 15.764496915537773
44 72 13.769353724848527
44 73 12.287650751872793
44 74 10.166881232708485
44 75 13.089764894756513
44 76 12.418851235118328
44 77 12.984180913711885
44 78 16.062865404404036
44 79 18.07719607682563
44 80 20.645178250623076
44 81 24.100210517752743
44 82 26.56551324555955
44 83 29.765614020207945
45 46 3.827603558363901
45 47 5.430896242794553
45 48 6.013775020733649
45 49 9.465486939402536
45 50 9.063728261593019
45 51 7.775545640017812
45 52 10.842596229685952
45 53 11.821609239016487
45 54 10.006789994798533
45 55 12.239640231640799
45 56 12.557769666624722
45 57 15.227706623126151
45 58 16.52016370984259
45 59 17.846446537056053
45 60 20.227901843740494
45 61 21.92295283487149
45 62 21.531708733865035
45 63 20.53045554779533
45 64 18.119589012999164
45 65 17.14822702205683
45 66 15.346837622129193
45 67 14.242990767391518
45 68 13.322885610857734
45 69 9.94409095895648
45 70 12.403973919675904
45 71 13.956985419495142
45 72 11.38280822117284
45 73 9.910008274466778
45 74 7.283088973780288
45 75 10.023585685771334
45 76 9.285623350104181
45 77 9.744939250708544
45 78 12.640418268396028
45 79 14.991581537649722
45 80 17.526533142638336
45 81 20.950100190691213
45 82 23.67712780300854
45 83 26.77566748000878
46 47 3.824333275225892
46 48 6.083297214504646
46 49 8.846331103909687
46 50 9.156942120598993
46 51 9.381934715185348
46 52 12.086267165671956
46 53 13.637051880813535
46 54 12.308655206804682
46 55 14.868640489298274
46 56 14.88216442591601
46 57 17.099702044187786
46 58 17.62266126327122
46 59 18.661844790909605
46 60 20.550002092457312
46 61 22.656695566653138
46 62 22.8361209052676
46 63 22.12820223154154
46 64 20.22410920164347
46 65 19.352127764150378
46 66 17.407026684646635
46 67 15.540137032857851
46 68 14.059895589939494
46 69 10.312605005526004
46 70 11.727739509385428
46 71 13.166944558248886
46 72 10.349446072133523
46 73 7.846590660917644
46 74 5.318645880296976
46 75 8.135289853471726
46 76 8.24770828776091
46 77 10.105144927214058
46 78 13.531001182469833
46 79 16.33660735893472
46 80 19.328557240518496
46 81 22.41947593053861
46 82 25.373475796587268
46 83 28.60140206353528
47 48 3.829413009848898
47 49 5.415734206919686
47 50 5.528094608452355
47 51 6.724280928099301
47 52 9.172916384661969
47 53 11.50042107924749
47 54 11.236421761397175
47 55 14.489165227852155
47 56 15.332171046528275
47 57 17.96226892683661
47 58 18.368414057833082
47 59 20.063358891272415
47 60 21.610105113117797
47 61 23.276602179012297
47 62 23.705446863537503
47 63 22.4607006791863
47 64 20.453005060381713
47 65 18.915566182380058
47 66 16.339850335911894
47 67 14.173271111497163
47 68 11.91632699282795
47 69 8.141957688418676
47 70 8.970919295144729
47 71 11.299080493562297
47 72 9.467817119061817
47 73 7.8977651269204
47 74 7.143176394294068
47 75 10.713190094458326
47 76 11.665874720739975
47 77 13.582100316225029
47 78 16.748699233074788
47 79 19.62839313341772
47 80 22.343708958004264
47 81 25.58735664346749
47 82 28.568339626236593
47 83 31.645647362631088
48 49 3.812556753675936
48 50 5.32803847583705
48 51 4.969416263506208
48 52 6.3619326466098345
48 53 7.993908243156159
48 54 7.705641180330161
48 55 11.101323749895776
48 56 12.19773327303069
48 57 14.958201529595728
48 58 15.3534955954662
48 59 17.53625712630834
48 60 18.993596262951364
48 61 20.227858042808194
48 62 20.649642393998015
48 63 19.07774669608547
48 64 17.040165374784365
48 65 15.274330885508537
48 66 12.580508932471691
48 67 10.353284985935623
48 68 8.247731142562785
48 69 4.50200433140618
48 70 6.428914760673064
48 71 8.548474015869735
48 72 7.065453205562967
48 73 7.0330310677545
48 74 7.078599367106462
48 75 10.870573397939966
48 76 12.165759039205074
48 77 13.739241645738677
48 78 16.274521006776208
48 79 19.279137039815865
48 80 21.518941656131698
48 81 24.853776051135572
48 82 27.94529350355798
48 83 30.71121803185279
49 50 3.840458956947724
49 51 5.5943372261600395
49 52 5.526564755795412
49 53 8.310438616583363
49 54 9.617890257223774
49 55 13.325866350823123
49 56 14.923392777783473
49 57 17.65929811742245
49 58 17.65575991001237
49 59 20.131090705672158
49 60 21.057686625078265
49 61 22.03213049162518
49 62 22.88296278893972
49 63 21.02370305155588
49 64 19.18468245762749
49 65 16.94348904446779
49 66 13.745261801799193
49 67 11.039677395648843
49 68 7.8227622998529105
49 69 4.690273552789858
49 70 4.238618878833057
49 71 7.642448625931351
49 72 7.7616438980411875
49 73 8.37925217426949
49 74 9.761642587187875
49 75 13.529634473998179
49 76 15.389395764616621
49 77 17.34513747423179
49 78 19.93890892200473
49 79 23.041608320601235
49 80 25.279695785353113
49 81 28.57915864751795
49 82 31.71991661401398
49 83 34.44005949472213
50 51 3.8233600405925676
50 52 5.467462757074803
50 53 8.999029114298942
50 54 10.497664692682845
50 55 14.24092086207911
50 56 16.321196800480042
50 57 19.502282199783696
50 58 20.138938825072188
50 59 22.633268743157714
50 60 23.997267698636026
50 61 24.887592149502932
50 62 25.298134259269
50 63 23.27359501667072
50 64 20.935251658387106
50 65 18.495091943540046
50 66 15.208768885087315
50 67 13.251298577875303
50 68 10.274183422540208
50 69 7.462899771536531
50 70 7.822512831565059
50 71 11.364084388986207
50 72 11.325282380585485
50 73 11.469299629881505
50 74 11.866804582531895
50 75 15.66329288495877
50 76 16.783430787535664
50 77 18.279748439188108
50 78 21.044363996091686
50 79 23.74293092690959
50 80 25.977657207685223
50 81 29.463848187227683
50 82 32.315999056195054
50 83 35.15859168112397
51 52 3.7983529325222007
51 53 6.352922713208464
51 54 7.330234511937528
51 55 10.90411119715862
51 56 13.282201662375105
51 57 16.737575362040943
51 58 17.92365780191086
51 59 20.57480332834314
51 60 22.3194824536771
51 61 22.9288185696516
51 62 22.86546166164156
51 63 20.6716863608173
51 64 17.968066729617853
51 65 15.49111648655448
51 66 12.360867971141833
51 67 11.152139525669503
51 68 9.010687598624203
51 69 6.598125567159207
51 70 8.684434178459757
51 71 11.648782511490202
51 72 11.33084361378269
51 73 11.96731557200695
51 74 11.79550952693439
51 75 15.490850267173846
51 76 16.121385889556766
51 77 16.90777279833154
51 78 19.214057093700955
51 79 21.64792486590805
51 80 23.48216927798622
51 81 27.09533624076291
51 82 29.811534361719794
51 83 32.474242762534125
52 53 3.8058184402306954
52 54 6.568482397022923
52 55 10.237212608908736
52 56 13.0093141248876
52 57 16.323741176580814
52 58 17.117574360872513
52 59 20.21700791413012
52 60 21.48315191027611
52 61 21.610894243413437
52 62 21.86189323915017
52 63 19.291969417350835
52 64 16.822287924060745
52 65 13.88113752543357
52 66 10.31298860660672
52 67 8.757565928955373
52 68 6.100724711048681
52 69 5.10051683655686
52 70 6.811060857164616
52 71 9.721988016861573
52 72 10.583608930794826
52 73 12.354211953823684
52 74 13.194678245413943
52 75 16.881905846201132
52 76 18.116493866087886
52 77 19.095163523782666
52 78 21.046384891472457
52 79 23.696967696310853
52 80 25.24856687022057
52 81 28.791032128077664
52 82 31.660639949312458
52 83 34.05227871963931
53 54 3.8167327650753857
53 55 6.9599872126319315
53 56 10.054006664012114
53 57 13.352453931768498
53 58 14.368854582046547
53 59 17.74186740453214
53 60 19.078290332207445
53 61 18.749823412501783
53 62 18.731144172206886
53 63 15.901061285335643
53 64 13.297540261266366
53 65 10.167583832946745
53 66 6.564695423246992
53 67 5.723273451443675
53 68 4.61755346476898
53 69 5.392231263586531
53 70 8.19839752634623
53 71 9.780684485249486
53 72 10.592796892228227
53 73 13.018745292846004
53 74 13.758313341394722
53 75 17.077207880681197
53 76 18.187982955787042
53 77 18.70907100847073
53 78 20.00836827429963
53 79 22.536166577304137
53 80 23.592563849653985
53 81 27.08712027883363
53 82 29.936179615976386
53 83 32.00567862114472
54 55 3.8080319063789365
54 56 6.521055819420655
54 57 10.036108558599793
54 58 11.554911553101565
54 59 14.68353274930798
54 60 16.545846759836742
54 61 16.48447496889118
54 62 16.015113143527895
54 63 13.527107192596649
54 64 10.674378389395795
54 65 8.226311567160582
54 66 5.5535620100976635
54 67 5.474064851643612
54 68 6.226056295922805
54 69 6.042724964782031
54 70 9.743616320442836
54 71 10.459039630864776
54 72 9.994565573350348
54 73 12.015066791324966
54 74 11.962285191383792
54 75 14.850216025364748
54 76 15.49860771166236
54 77 15.545683484491764
54 78 16.488178674432177
54 79 18.895696785247164
54 80 19.81350948216898
54 81 23.297326327284857
54 82 26.14364219078895
54 83 28.195098669804295
55 56 3.7757714443541204
55 57 7.3365774036671905
55 58 9.694690402483207
55 59 12.842365241652336
55 60 15.060948376513347
55 61 14.540646753153727
55 62 13.362007409068443
55 63 10.74278185573923
55 64 7.40065517369915
55 65 5.304563789794596
55 66 4.341392864047206
55 67 6.337275203113717
55 68 8.836567546281758
55 69 9.410902932237693
55 70 13.047360805925464
55 71 12.967916139457412
55 72 12.268796762519134
55 73 14.340055822764429
55 74 13.944569982613304
55 75 16.14580474922201
55 76 16.382663336588468
55 77 15.729305388350753
55 78 15.780303767671901
55 79 17.77633657422136
55 80 17.994574876889978
55 81 21.372692881338093
55 82 24.07036135997962
55 83 25.734284097289358
56 57 3.787971752798587
56 58 6.609325684213179
56 59 9.306917695993663
56 60 11.945494464441396
56 61 11.827599164665669
56 62 10.367275148273048
56 63 8.532730512561615
56 64 5.608474748093282
56 65 5.694023621306818
56 66 6.611605402623481
56 67 7.85977944983191
56 68 10.731870945925506
56 69 10.876665389723083
56 70 14.401776626513826
56 71 13.520376067254935
56 72 12.026829673692065
56 73 13.723496165336295
56 74 12.980331659861392
56 75 14.356106331453526
56 76 14.42294262624656
56 77 13.518831384405976
56 78 12.941697454352733
56 79 15.007456480030186
56 80 15.066010852246192
56 81 18.21449623239688
56 82 21.11920864994709
56 83 22.69940241504168
57 58 3.8009012089240097
57 59 5.991546461473866
57 60 8.825615559268373
57 61 8.664568310077541
57 62 6.795061000462026
57 63 5.892555133386535
57 64 4.331880538519039
57 65 6.6959307792121034
57 66 8.922301272653822
57 67 9.884081596182824
57 68 13.091125008951675
57 69 13.456010478592829
57 70 16.605578339823037
57 71 14.926930729389749
57 72 13.236860579457653
57 73 14.870654087833527
57 74 14.236858642270773
57 75 14.721237821596388
57 76 14.878314891142747
57 77 13.895446160523239
57 78 12.481492659133362
57 79 14.503482133611913
57 80 14.117635956490732
57 81 16.713985431368545
57 82 19.778091515613937
57 83 20.970783819399788
58 59 3.824305557875835
58 60 5.414719937355948
58 61 5.594518209819322
58 62 5.379649802728797
58 63 5.316620355075205
58 64 6.094435740903337
58 65 8.240161345507744
58 66 10.047532333861884
58 67 9.828194595143097
58 68 12.831113513643311
58 69 13.37480676495926
58 70 15.877940231654733
58 71 13.43288602646505
58 72 11.8429417798113
58 73 13.707590488484838
58 74 13.804745343540388
58 75 13.93512213796492
58 76 14.918097398797208
58 77 14.740045929372135
58 78 13.517213359268988
58 79 16.101067231708587
58 80 16.102608639596255
58 81 18.251626858995337
58 82 21.62243959408836
58 83 22.780686688508755
59 60 3.806908062982346
59 61 5.838990409308787
59 62 5.418186135599256
59 63 7.586698161914708
59 64 8.973724199015702
59 65 11.763150003294184
59 66 13.771762741203467
59 67 13.485777248642364
59 68 16.20528515639265
59 69 16.220589169324278
59 70 18.584859133176124
59 71 16.002150043041095
59 72 13.814474908587732
59 73 14.870753377014898
59 74 14.483031899433211
59 75 13.579999926362298
59 76 14.214223686153247
59 77 13.816482511840704
59 78 11.94229400073537
59 79 14.365557246414077
59 80 14.257671128203231
59 81 15.781983588890213
59 82 19.277125226547657
59 83 20.328970731446294
60 61 3.8265736632136065
60 62 5.912463445975797
60 63 8.223703058841558
60 64 10.740861185212292
60 65 13.202169329318572
60 66 15.003079750504561
60 67 14.149034348675531
60 68 16.690713286136095
60 69 17.110861813479765
60 70 18.837420895653416
60 71 15.697762229056726
60 72 14.002288170152763
60 73 15.415093155735386
60 74 15.867200446203482
60 75 14.904651253887156
60 76 16.32071622202898
60 77 16.619870817789167
60 78 15.087460787024435
60 79 17.747441787480245
60 80 17.810605857185205
60 81 19.007313829155343
60 82 22.534172050465934
60 83 23.40509675263061
61 62 3.8276224996726103
61 63 5.532467623041278
61 64 8.919598029059381
61 65 11.419600737328778
61 66 13.699107854163351
61 67 13.417839803783618
61 68 16.4578245828542
61 69 17.683696955105287
61 70 19.5042713270709
61 71 16.39441432317727
61 72 15.461100931046275
61 73 17.581539096450005
61 74 18.308406156735764
61 75 17.936387233777037
61 76 19.32186580017572
61 77 19.377517900907744
61 78 17.75124589993615
61 79 20.138282697390064
61 80 19.710835827026717
61 81 21.058193773446003
61 82 24.33908379541021
61 83 24.82997579539698
62 63 3.816738398161446
62 64 6.841467313376569
62 65 10.212624491285284
62 66 13.2258839402136
62 67 13.912122663346524
62 68 17.342995992619038
62 69 18.453516738009586
62 70 20.88033673100125
62 71 18.235261089438783
62 72 17.018189034089378
62 73 18.94228489385586
62 74 18.998426619065064
62 75 18.66128872827383
62 76 19.32653848985896
62 77 18.637197589766544
62 78 16.525588310253887
62 79 18.340369734550066
62 80 17.325115093412798
62 81 18.719538322298444
62 82 21.721366669710267
62 83 21.969177726988327
63 64 3.8352453637283763
63 65 6.7350286562122355
63 66 9.906656650959496
63 67 11.078947107013374
63 68 14.760624986768006
63 69 16.408365793094692
63 70 18.94166259862106
63 71 16.5986559395633
63 72 15.9725841991833
63 73 18.434182623593593
63 74 18.76280059053019
63 75 19.19718804929514
63 76 20.01139010663677
63 77 19.414436844781257
63 78 17.7812587012281
63 79 19.711383868211794
63 80 18.829582284267488
63 81 20.801387333541
63 82 23.71147085273286
63 83 24.14244175720426
64 65 3.7933104275816913
64 66 7.3209562899938145
64 67 9.42777396844027
64 68 13.182162379518772
64 69 14.658714643514962
64 70 17.68876584162954
64 71 16.04590826347951
64 72 15.344730463582604
64 73 17.719050256715228
64 74 17.648202996339315
64 75 18.58906081543659
64 76 19.002237894521794
64 77 18.082662110430533
64 78 16.70607296763665
64 79 18.44204102045107
64 80 17.600236873405994
64 81 20.111475828491557
64 82 22.846366560133802
64 83 23.56134174872051
65 66 3.7897784895690156
65 67 6.715367897591316
65 68 10.439200208828263
65 69 12.437493437184198
65 70 15.43645921187887
65 71 14.303448814883774
65 72 14.282203086358912
65 73 17.055645341059364
65 74 17.35128885702731
65 75 19.036119510026197
65 76 19.715840255997207
65 77 19.135616033982288
65 78 18.4415769933051
65 79 20.40042227504127
65 80 19.96545000745037
65 81 22.84613910489035
65 82 25.568254164099667
65 83 26.566353927477515
66 67 3.8134363768129136
66 68 7.084386917722663
66 69 9.382635130921377
66 70 12.290984826286298
66 71 11.763191786245772
66 72 12.2814967328905
66 73 15.262486592950705
66 74 15.919380515585399
66 75 18.256202754132637
66 76 19.250527629132662
66 77 19.154336219248112
66 78 19.212855566000595
66 79 21.501844432513227
66 80 21.648940228103545
66 81 24.801860756806132
66 82 27.634453640338176
66 83 29.033976475846362
67 68 3.8340311683657453
67 69 6.458944263577447
67 70 8.880832674924125
67 71 7.98036352555446
67 72 8.894044580504417
67 73 12.22480126627832
67 74 13.579819623249788
67 75 16.09591432631275
67 76 17.73827102623026
67 77 18.383002067127123
67 78 18.945420924328918
67 79 21.76059987684163
67 80 22.47848157683254
67 81 25.562180540791115
67 82 28.703312091115897
67 83 30.38241851795212
68 69 3.820475624840446
68 70 5.402475173473729
68 71 5.675902835672929
68 72 7.511982827456409
68 73 10.80409760229886
68 74 12.693678190343412
68 75 15.770643265257128
68 76 17.762485749466485
68 77 18.982696594530506
68 78 20.257922326833025
68 79 23.294162444698454
68 80 24.529675273023894
68 81 27.722382166761932
68 82 30.9270730913871
68 83 32.93318071489603
69 70 3.8134438503798633
69 71 5.323315038582631
69 72 5.554209754771601
69 73 7.890819285726926
69 74 9.424723762530126
69 75 12.857063933884751
69 76 14.762012261206127
69 77 16.254299677316155
69 78 18.082622846257674
69 79 21.219584114680476
69 80 22.943580300380322
69 81 26.196686565289127
69 82 29.422826750670982
69 83 31.787596920811737
70 71 3.8289921650481347
70 72 5.750937836561963
70 73 8.036909916130702
70 74 10.689926473086707
70 75 14.048664669640312
70 76 16.584500173354638
70 77 18.71305640455348
70 78 20.822129454020786
70 79 24.178292785058254
70 80 26.147079932566086
70 81 29.255491604141607
70 82 32.60675893124001
70 83 35.03677196889005
71 72 3.855038910309467
71 73 7.271053706306948
71 74 10.499625374269312
71 75 13.146270421682342
71 76 16.101900539998375
71 77 18.32499770804897
71 78 19.97265966264884
71 79 23.50633448668678
71 80 25.301231472005465
71 81 28.125179039430137
71 82 31.648651677441173
71 83 33.8579292485527
72 73 3.8249720260414977
72 74 6.843805228087661
72 75 9.318927030511613
72 76 12.282830699802062
72 77 14.624965709361508
72 78 16.389717050638794
72 79 20.011481054634615
72 80 22.05005984118864
72 81 24.79538063833665
72 82 28.358936968793454
72 83 30.739452012031705
73 74 3.8378578660497578
73 75 6.3010429295474575
73 76 9.501054099414443
73 77 12.451158058590375
73 78 14.82567522914218
73 79 18.51116184900343
73 80 21.081212963204937
73 81 23.710724451184536
73 82 27.2617733282338
73 83 29.968703759088413
74 75 3.8251132009392874
74 76 6.021496657808588
74 77 8.873998873112392
74 78 11.66083646227834
74 79 15.207550558850693
74 80 18.042244566572087
74 81 20.75722999342639
74 82 24.17417084410549
74 83 27.107013225362916
75 76 3.8244692442220005
75 77 7.332641202186291
75 78 9.834022981465928
75 79 13.50520199774887
75 80 16.539359298352522
75 81 18.727616239126643
75 82 22.261724528885896
75 83 25.2065326651644
76 77 3.8068356938538868
76 78 6.95617430776429
76 79 10.28405950974614
76 80 13.645401313263015
76 81 15.914948224860805
76 82 19.229708006103472
76 83 22.425927583937302
77 78 3.8070895707876375
77 79 6.691209905540253
77 80 10.10598580050457
77 81 12.64443929164121
77 82 15.780667919958265
77 83 19.061126881693014
78 79 3.822692898991495
78 80 6.755892095053029
78 81 9.151496380374088
78 82 12.54772915710249
78 83 15.587016295622455
79 80 3.7959353261087045
79 81 6.2204778755333585
79 82 9.119041287328399
79 83 12.454926896614044
80 81 3.795922285821985
80 82 6.483943938684233
80 83 9.302766523997041
81 82 3.8259159687583297
81 83 6.537480019089923
82 83 3.8278847945046617
