   0.0000000000000000        5.0000000000000000       0.31086697924518591       0.27409949452098120       -3088.4730723140037       -3212.8071560725280       -24.866816751704864        1.2961764462588756        1.2961728000000021       -3.8620343970849880     
   0.0000000000000000        15.000000000000000       0.31083433541720978       0.27405287343943663       -2849.6078934008478       -3195.8552080262612       -23.083154308360886        2.0942456036489840        2.0940768000000007       -3.1890613964868875     
   0.0000000000000000        25.000000000000000       0.31075006346048367       0.27391480812017982       -2625.2524373693609       -3170.9217963281735       -21.826774358352509        2.8925012770154912        2.8919807999999989       -2.3960891905783988     
   0.0000000000000000        35.000000000000000       0.31047166285290623       0.27350758022603344       -2412.5701887538830       -3137.9930210841162       -20.726366638006663        3.6952446185087271        3.6898848000000011       -1.5886131618307013     
   0.0000000000000000        45.000000000000000       0.30760970207301674       0.27001447318186800       -2210.4852129542965       -3096.9531904810492       -19.699288389483392        4.5147890925232952        4.4877887999999997      -0.78063410472822203     
   0.0000000000000000        55.000000000000000       0.29913339344504053       0.25985109911154525       -2018.4462514267232       -3047.7375467124530       -18.714387187013266        5.3232193590253765        5.2856927999999979        2.5829989700015772E-002
   0.0000000000000000        65.000000000000000       0.28897637719147168       0.24754284358611334       -1836.0914448442807       -2990.5756573501303       -17.761295577013076        6.1071007057745348        6.0835968000000005       0.83078517964161491     
   0.0000000000000000        75.000000000000000       0.28175973716830327       0.23843849671430375       -1663.1384658923873       -2925.5973576120691       -16.832785222929090        6.8895725025551844        6.8815008000000013        1.6345406541299778     
   0.0000000000000000        85.000000000000000       0.27846469710224236       0.23366362501010546       -1499.3763732489085       -2852.7599178281293       -15.922159347990835        7.6790745610973179        7.6794047999999995        2.4373830606981803     
   0.0000000000000000        95.000000000000000       0.27890939583599628       0.23296444064854446       -1344.6516656002502       -2771.9949408092343       -15.024666054831412        8.4749914467137000        8.4773087999999994        3.2395298825548431     
   0.0000000000000000        105.00000000000000       0.28428858869217599       0.23739717548812317       -1198.8512480625857       -2683.1763584737382       -14.136429622963357        9.3162354327466979        9.2752128000000003        4.0411384134149095     
   0.0000000000000000        115.00000000000000       0.53927937408578952       0.46364352912787871       -1062.2992649149114       -2562.2939964016336       -13.043432447710630        20.535339200511281        10.073116800000001        4.8423217734999122     
   0.0000000000000000        125.00000000000000       0.99916334808858520       0.65861782747558806       -942.11378629807552       -2332.5578934703217       -11.123552857377970        14.889234987946372        10.871020799999998        5.6431621439622726     
   0.0000000000000000        135.00000000000000       0.99993845616194688       0.54196590772177400       -835.95612141995298       -2207.8205348125930       -10.161958617723259        11.125002413220246        11.668924799999999        6.4437202349622114     
   0.0000000000000000        145.00000000000000       0.99933705266848394       0.44405537972487680       -738.41347901754102       -2090.4457940550265       -9.3243607933619685        13.726312642649168        12.466828800000000        7.2440417704971258     
   0.0000000000000000        155.00000000000000       0.99725753358986979       0.24921911053616186       -649.87662558747422       -1955.9662858174515       -8.4263849047095309        11.422011031973536        13.264732800000001        8.0441618831490640     
   0.0000000000000000        165.00000000000000       0.99647734531509258       0.17679354578331730       -568.97393057481577       -1851.6800327976002       -7.7739763771077852        10.057122893521360        14.062636800000000        8.8441081017732710     
   0.0000000000000000        175.00000000000000       0.99625539621937864       0.14754143449896490       -494.23928370004660       -1749.9819492681092       -7.1756723746746429        10.366636206939809        14.860540799999999        9.6439024021831781     
   0.0000000000000000        185.00000000000000       0.99620603632768867       0.13404114519786300       -425.44215222256992       -1643.3955637668851       -6.5835319542935959        10.981129122168188        15.658444800000000        10.443562632792736     
   0.0000000000000000        195.00000000000000       0.99623819839753180       0.13067171668024674       -362.58655396885081       -1529.8916399660704       -5.9861799281908699        11.738510600533109        16.456348800000001        11.243103520067997     
   0.0000000000000000        205.00000000000000       0.99632829002574774       0.13527246768872186       -305.75404937158709       -1408.2918771384143       -5.3782333061796450        12.597010431090743        17.254252800000000        12.042537388427093     
   0.0000000000000000        215.00000000000000       0.99647899886750713       0.14720031582256682       -255.06909402397881       -1277.6372768693725       -4.7561310830018311        13.550449111333586        18.052156799999999        12.841874683664624     
   0.0000000000000000        225.00000000000000       0.99670773970399695       0.16680531562854697       -210.68960552616747       -1136.9123956368039       -4.1165457338250508        14.616186336949347        18.850060799999998        13.641124359396596     
   0.0000000000000000        235.00000000000000       0.99704424409570114       0.19565608448118962       -172.81078659370320       -984.74768304715474       -3.4550506232061768        15.856217372070365        19.647964800000000        14.440294166706600     
   0.0000000000000000        245.00000000000000       0.99753707276812309       0.23870712452077392       -141.69028104781901       -818.53142568035776       -2.7626169168675050        17.484264834943751        20.445868800000000        15.239390874451846     
   0.0000000000000000        255.00000000000000       0.99824964394430149       0.30772696218659812       -117.73049224144756       -632.39123315520794       -2.0182774153480798        19.879280249414155        21.243772799999999        16.038420439223668     
   0.0000000000000000        265.00000000000000       0.99908808176834962       0.40489266163847615       -101.56278628018633       -421.02543165314484       -1.2055194165017302        22.161906362426233        22.041676800000001        16.837388138263979     
   0.0000000000000000        275.00000000000000       0.99965822851443342       0.49054962084494874       -93.691104945952105       -195.72849598085088      -0.37104505830872286        22.681026680503308        22.839580800000000        17.636298674766842     
   0.0000000000000000        285.00000000000000       0.99987329511651901       0.54502178673853940       -94.067716408402489        32.351519616212912       0.44357626675303652        23.032317803525984        23.637484799999996        18.435156262330743     
   0.0000000000000000        295.00000000000000       0.99993104202327632       0.58488105919245448       -102.53992807887090        266.42932679165420        1.2507432368492375        23.807638651191816        24.435388799999998        19.233964693473826     
   0.0000000000000000        305.00000000000000       0.99993685654019338       0.61759751910049421       -119.08020544257303        508.26702459781302        2.0568761640668396        24.536284014262673        25.233292799999997        20.032727395820530     
   0.0000000000000000        315.00000000000000       0.99991459157144569       0.64359038215934028       -143.66393451604975        756.98975373166127        2.8592180579292412        25.222321489744509        26.031196800000000        20.831447478641188     
   0.0000000000000000        325.00000000000000       0.99983444561824775       0.66553109154297763       -176.26081448190592        1013.4752666633231        3.6607264035237814        26.139839312553381        26.829100799999999        21.630127771758861     
   0.0000000000000000        335.00000000000000       0.99926297912828310       0.68919617560342195       -216.91725023093653        1282.0711569203888        4.4745922601532095        27.776660779417043        27.627004800000002        22.428770858354021     
   0.0000000000000000        345.00000000000000       0.99207207114480422       0.72222316027194300       -265.91610365497650        1576.2446195651623        5.3395962991888082        31.628151585902216        28.424908800000001        23.227379102841414     
   0.0000000000000000        355.00000000000000       0.92626674954750476       0.73420651123877678       -324.16401804007307        1925.8902594444419        6.3381810633366626        38.335144207546918        29.222812799999996        24.025954674730215     
   0.0000000000000000        365.00000000000000       0.70819178831045693       0.60401351592909991       -393.04022303012039        2320.5188505315214        7.4344084207168279        38.921385215589993        30.020716799999995        24.824499569180791     
   0.0000000000000000        375.00000000000000       0.48678364224588738       0.42647668893751606       -472.47649379878663        2688.5259812970321        8.4293399335888495        34.822630752353582        30.818620799999998        25.623015624822106     
   0.0000000000000000        385.00000000000000       0.38257648505333303       0.33645925867432375       -561.26332021585495        3025.4465434929079        9.3161295161266544        32.974808580217733        31.616524800000001        26.421504539279937     
   0.0000000000000000        395.00000000000000       0.34580380642792108       0.30390840043206802       -658.65369530311511        3353.7123963391546        10.157888839600682        32.850008190199361        32.414428799999996        27.219967882777937     
   0.0000000000000000        405.00000000000000       0.33301321894695163       0.29245319441288414       -764.37376193343187        3684.4802387914024        10.984824693147738        33.358839715817027        33.212332799999999        28.018407110105706     
   0.0000000000000000        415.00000000000000       0.32790913477606726       0.28785529642776914       -878.33459878004749        4021.5230119630496        11.806885809019510        34.066612685880322        34.010236799999994        28.816823571194096     
   0.0000000000000000        425.00000000000000       0.32534755065565374       0.28555007830341894       -1000.5054722384057        4366.0063262847343        12.627086584760329        34.835261294091303        34.808140799999997        29.615218520496107     
   0.0000000000000000        435.00000000000000       0.32372406377274432       0.28409918593012157       -1130.8732626468141        4718.2888130153488        13.446349599223364        35.622899255252811        35.606044799999999        30.413593125337762     
   0.0000000000000000        445.00000000000000       0.32251261161298095       0.28302630514317512       -1269.4303607880252        5078.4840675582682        14.264976243474816        36.416711332719572        36.403948800000002        31.211948473376292     
   0.0000000000000000        455.00000000000000       0.32152382383075490       0.28215815855521326       -1416.1710469646332        5446.6298960458071        15.083078995627339        37.212657238478180        37.201852799999998        32.010285579281302     
   0.0000000000000000        465.00000000000000       0.32067959328472811       0.28142255791479337       -1571.0903704260511        5822.7398068764387        15.900710058715029        38.009406357204085        37.999756799999993        32.808605390736403     
   0.0000000000000000        475.00000000000000       0.31994181054710136       0.28078403385076495       -1734.1837814038713        6206.8191265219375        16.717900858791179        38.806494894637503        38.797660799999996        33.606908793844603     
   0.0000000000000000        485.00000000000000       0.31928845847741805       0.28022204608885531       -1905.4469982379421        6598.8702475330902        17.534674733548524        39.603749283222982        39.595564799999998        34.405196618008212     
   0.0000000000000000        495.00000000000000       0.31870493818759726       0.27972299763905606       -2084.8759518301317        6998.8944251290286        18.351051266584161        40.401098715068493        40.393468800000001        35.203469640344416     
   0.0000000000000000        505.00000000000000       0.31818059785870945       0.27927700610882866       -2272.4667573874126        7406.8924305891933        19.167047896983380        41.198511253941419        41.191372799999996        36.001728589689101     
   0.0000000000000000        515.00000000000000       0.31770717647098295       0.27887644272495082       -2468.2156967662222        7822.8648062216735        19.982680588326009        41.995970812652807        41.989276799999999        36.799974150234270     
   0.0000000000000000        525.00000000000000       0.31727801722812377       0.27851518883597437       -2672.1192054939183        8246.8119729528444        20.797964149422402        42.793468309538042        42.787180799999994        37.598206964839093     
   0.0000000000000000        535.00000000000000       0.31688762222847960       0.27818821338001531       -2884.1738621964500        8678.7342796268022        21.612912414622905        43.590998026052745        43.585084800000004        38.396427638048770     
   0.0000000000000000        545.00000000000000       0.31653137459500458       0.27789130900228165       -3104.3763794773090        9118.6320275420694        22.427538361503444        44.388555994456546        44.382988800000000        39.194636738851734     
   0.0000000000000000        555.00000000000000       0.31620535118174009       0.27762091440448511       -3332.7235958005695        9566.5054836828895        23.241854197267493        45.186139232154730        45.180892799999995        39.992834803201852     
   0.0000000000000000        565.00000000000000       0.31590618872206166       0.27737398769861793       -3569.2124681424521        10022.354888422433        24.055871427548471        45.983745353613109        45.978796799999998        40.791022336328965     
   0.0000000000000000        575.00000000000000       0.31563098391254785       0.27714791216289097       -3813.8400652717191        10486.180460348227        24.869600914121644        46.781372361793892        46.776700799999993        41.589199814858539     
   0.0000000000000000        585.00000000000000       0.31537721637386046       0.27694042381811929       -4066.6035615665687        10957.982399503431        25.683052924905983        47.579018530053538        47.574604800000003        42.387367688758921     
   0.0000000000000000        595.00000000000000       0.31514268778747506       0.27674955440200300       -4327.5002313013720        11437.760889711099        26.496237178172219        48.376682331986707        48.372508799999999        43.185526383132398     
