   0.0000000000000000        250.00000000000000       0.98136397921457108       0.53712919518796565       -76.661629675801578       -192.54239613842827      -0.46352306585050673        23.278692225454886        20.844820799999997        10.205303705311968     
   0.0000000000000000        260.00000000000000       0.99847355590290054       0.43003164212689782       -76.249000971356438        27.222995303145407       0.39796921644039168        25.072994506171174        21.642724800000000        11.004301715636659     
   0.0000000000000000        270.00000000000000       0.99600369559139934       0.19400106249448890       -84.985396592603593        266.24032507802588        1.3008360061875166        19.293232018343865        22.440628799999999        11.803240277880969     
   0.0000000000000000        280.00000000000000       0.99497871605117738       0.10758570500803219       -101.08796737701532        427.63374055044085        1.8882918140266292        14.507060296387415        23.238532799999998        12.602123840978386     
   0.0000000000000000        290.00000000000000       0.99469207344242783        8.4276154024859010E-002  -122.49585510398268        570.43143414599524        2.3894044456895784        14.301626047207776        24.036436800000001        13.400956400265558     
   0.0000000000000000        300.00000000000000       0.99460951206127546        7.6622979152091750E-002  -148.85464076759129        715.97325978228912        2.8827596684996015        14.861253878586643        24.834340800000000        14.199741559447348     
   0.0000000000000000        310.00000000000000       0.99462580221239050        7.5924597061473836E-002  -180.17252581033762        868.35662663611106        3.3823521046659635        15.640954626982680        25.632244800000002        14.998482581671583     
   0.0000000000000000        320.00000000000000       0.99471930984397350        8.0596438415450403E-002  -216.53910792009953        1029.2736358497946        3.8931648242809187        16.568850855647906        26.430148799999998        15.797182432034123     
   0.0000000000000000        330.00000000000000       0.99490255248685378        9.1955597865798516E-002  -258.08814836967264        1200.4522523969677        4.4198193962625467        17.720250810319126        27.228052799999997        16.595843813268235     
   0.0000000000000000        340.00000000000000       0.99523629786537626       0.11611302964662512       -305.01976703896088        1385.5936935096013        4.9723925310251840        19.479332331795099        28.025956799999996        17.394469195956688     
   0.0000000000000000        350.00000000000000       0.99592284154553612       0.17413055203721320       -357.72655055067179        1596.8104819205253        5.5843915213462774        23.343618473185622        28.823860799999999        18.193060844300206     
   0.0000000000000000        360.00000000000000       0.99732173355505582       0.30851746449866063       -417.19629031635992        1865.4927942093259        6.3408030125713495        30.514355858621045        29.621764800000001        18.991620838246870     
   0.0000000000000000        370.00000000000000       0.99858736561137906       0.46594135523047547       -484.95925095138153        2183.1348538620796        7.2110651481444892        31.381347193134449        30.419668800000000        19.790151092616661     
   0.0000000000000000        380.00000000000000       0.99569024501267889       0.54078932458324491       -561.16098556628833        2485.8283944777841        8.0183931053791380        29.880116406549401        31.217572799999999        20.588653373723986     
   0.0000000000000000        390.00000000000000       0.92217479092505961       0.53433452551444005       -645.46133760399641        2820.2720590626491        8.8864958888888346        42.254692480848966        32.015476799999995        21.387129313901699     
   0.0000000000000000        400.00000000000000       0.43218178822685532       0.24303299835279360       -741.29704414635057        3405.7690401478476        10.367665210735495        59.169797291667123        32.813380799999997        22.185580424252549     
   0.0000000000000000        410.00000000000000       0.24752697984590930       0.12364670577904505       -850.87939450547356        3842.4961194428506        11.447257351093475        35.491619561393861        33.611284800000000        22.984008105893693     
   0.0000000000000000        420.00000000000000       0.23640841971658361       0.11643452796436193       -969.55219370587372        4188.4372221884678        12.280927180700813        34.505926555877217        34.409188800000003        23.782413659912361     
   0.0000000000000000        430.00000000000000       0.23466260501921216       0.11558948918276518       -1096.4631653496949        4536.9328463935944        13.100920957542533        35.227617541471993        35.207092799999998        24.580798296212915     
   0.0000000000000000        440.00000000000000       0.23346863647302227       0.11510088392342191       -1231.5675589496927        4893.1731925520053        13.919865344322039        36.022011454873159        36.004996799999994        25.379163141405769     
   0.0000000000000000        450.00000000000000       0.23241468928727588       0.11467468461400832       -1374.8588365656221        5257.3820359364581        14.738313050004622        36.819842206975963        36.802900800000003        26.177509245863771     
   0.0000000000000000        460.00000000000000       0.23145745594856384       0.11428286151320763       -1526.3323194939592        5629.5703653510600        15.556310184445694        37.617812621482642        37.600804799999999        26.975837590052372     
   0.0000000000000000        470.00000000000000       0.23058069587334012       0.11391809067758485       -1685.9836014095672        6009.7379262665672        16.373875590800285        38.415678820372733        38.398708800000001        27.774149090223599     
   0.0000000000000000        480.00000000000000       0.22977395437801368       0.11357699299775068       -1853.8084445800478        6397.8835326218914        17.191024952504037        39.213423086918354        39.196612799999997        28.572444603550455     
   0.0000000000000000        490.00000000000000       0.22902926173909688       0.11325744834357904       -2029.8027629776107        6794.0060332862804        18.007773053599781        40.011061049408276        39.994516800000000        29.370724932767629     
   0.0000000000000000        500.00000000000000       0.22834009879985609       0.11295784258884584       -2213.9626157471234        7198.1044685820352        18.824134168658315        40.808613448441704        40.792420800000002        30.168990830375090     
