   0.0000000000000000        320.00000000000000       0.98595254396959597       0.45137452649062343       -356.87386813228790        817.00177075319277        3.6683613715171268        25.708982492159617        28.322452799999997        23.123096432031712     
   0.0000000000000000        322.00000000000000       0.98571502214022499       0.45303252805014699       -364.37135327665470        868.62010118710123        3.8291660076514158        25.910560968736100        28.482897600000001        23.283695703582381     
   0.0000000000000000        324.00000000000000       0.98543466406398983       0.45469910927574009       -372.19071986636743        920.65166417024113        3.9902542717179275        26.123946691181580        28.643342400000002        23.444293457563703     
   0.0000000000000000        326.00000000000000       0.98506714364185533       0.45637047073109149       -380.33263272822001        973.13512046150345        4.1517415742016057        26.367071220867842        28.803787200000002        23.604889714068850     
   0.0000000000000000        328.00000000000000       0.98449726050019826       0.45803654208215894       -388.79814220587821        1026.1700743086226        4.3139274893734774        26.687749101102455        28.964231999999999        23.765484492837846     
   0.0000000000000000        330.00000000000000       0.98342295383421530       0.45967003753075375       -397.58930749452946        1080.0183355425063        4.4775989182940483        27.212952451190347        29.124676800000000        23.926077813265813     
   0.0000000000000000        332.00000000000000       0.98105416961255365       0.46119690929527424       -406.71083862921239        1135.3695637087892        4.6448204889698843        28.275329244469464        29.285121599999997        24.086669694410855     
   0.0000000000000000        334.00000000000000       0.97535793844640062       0.46241921207104897       -416.17434865957239        1194.0145594030105        4.8209248744388704        30.715805901774477        29.445566400000001        24.247260155001783     
   0.0000000000000000        336.00000000000000       0.96133731900704167       0.46283070101472945       -426.00888459832663        1260.4004446012232        5.0190753845224698        36.466141356848659        29.606011200000001        24.407849213445616     
   0.0000000000000000        338.00000000000000       0.92810885957476619       0.46127772940851169       -436.28407673064174        1344.3323019193845        5.2680957948225631        48.873037932584673        29.766456000000002        24.568436887834803     
   0.0000000000000000        340.00000000000000       0.85863088927798259       0.45582525660889228       -447.14593494320377        1461.4627996371180        5.6135551017068295        69.153923386402312        29.926900799999999        24.729023195954284     
   0.0000000000000000        342.00000000000000       0.74640908878258527       0.44539800871238244       -458.81784323264191        1618.5389915485039        6.0741427917577369        85.355308605519340        30.087345599999999        24.889608155288308     
   0.0000000000000000        344.00000000000000       0.62386538206327258       0.43304980628912970       -471.46444988791978        1787.2252593330211        6.5659584570376186        79.354924744964521        30.247790400000003        25.050191783027099     
   0.0000000000000000        346.00000000000000       0.53590447848111455       0.42370299477004125       -485.02032703557558        1926.6646150380773        6.9701876938544878        59.686477198573670        30.408235200000000        25.210774096073283     
   0.0000000000000000        348.00000000000000       0.48978895122323907       0.41857214615828342       -499.27152290059473        2029.2659733929927        7.2659123456712278        44.294723205182549        30.568680000000001        25.371355111048164     
   0.0000000000000000        350.00000000000000       0.46937836981684855       0.41618338886851147       -514.03948942993850        2109.0145913953047        7.4944402309292668        36.490855878180831        30.729124800000001        25.531934844297790     
   0.0000000000000000        352.00000000000000       0.46089282565038003       0.41511989280947703       -529.22880431976023        2178.2202425457012        7.6916166104132424        33.216713840414059        30.889569599999998        25.692513311898896     
   0.0000000000000000        354.00000000000000       0.45733826309347325       0.41462480358289422       -544.79748237894887        2243.2171427146777        7.8757475285130694        31.990721914409914        31.050014399999998        25.853090529664666     
   0.0000000000000000        356.00000000000000       0.45573936792454250       0.41436358081064739       -560.72840609439697        2306.7277474847006        8.0546521167952179        31.603813857237643        31.210459200000003        26.013666513150277     
   0.0000000000000000        358.00000000000000       0.45490964863805688       0.41419818542395787       -577.01473039144128        2369.8474198013200        8.2314585200915111        31.548754758357020        31.370903999999999        26.174241277658396     
   0.0000000000000000        360.00000000000000       0.45438624686057139       0.41407297809810761       -593.65367206077553        2433.0068398160142        8.4073903107688590        31.623514497272165        31.531348800000000        26.334814838244451     
   0.0000000000000000        362.00000000000000       0.45398939830007257       0.41396562986365348       -610.64403183074762        2496.3743470976174        8.5829236986971420        31.749027808494187        31.691793600000000        26.495387209721766     
   0.0000000000000000        364.00000000000000       0.45364894691146951       0.41386711983174834       -627.98522756834461        2560.0158742761273        8.7582447852870118        31.894489675509728        31.852238400000001        26.655958406666599     
   0.0000000000000000        366.00000000000000       0.45333713389475094       0.41377373568121989       -645.67691942045178        2623.9574481141472        8.9334272337010905        32.047884284163750        32.012683199999998        26.816528443423014     
   0.0000000000000000        368.00000000000000       0.45304266373687957       0.41368389118179716       -663.71886439248703        2688.2095045762971        9.1085010026325666        32.204504161422790        32.173127999999998        26.977097334107626     
   0.0000000000000000        370.00000000000000       0.45276068634971639       0.41359685961969622       -682.11085968879809        2752.7763535699278        9.2834789547533134        32.362490759790312        32.333572799999999        27.137665092614245     
   0.0000000000000000        372.00000000000000       0.45248891247833428       0.41351226795647122       -700.85272045539557        2817.6598743414324        9.4583671903140516        32.521100659375740        32.494017599999999        27.298231732618365     
   0.0000000000000000        374.00000000000000       0.45222609787569534       0.41342989350055837       -719.94427090993304        2882.8609653928247        9.6331690810234178        32.680029598657434        32.654462400000000        27.458797267581559     
   0.0000000000000000        376.00000000000000       0.45197144589312460       0.41334958128213067       -739.38534071344964        2948.3801175424901        9.8078868570636697        32.839147876940707        32.814907200000000        27.619361710755747     
   0.0000000000000000        378.00000000000000       0.45172436810142497       0.41327120983966203       -759.17576341417760        3014.2176430275531        9.9825222392638384        32.998396231454578        32.975352000000001        27.779925075187407     
   0.0000000000000000        380.00000000000000       0.45148438556984638       0.41319467657727349       -779.31537572338993        3080.3737688610458        10.157076696274832        33.157744561314367        33.135796800000001        27.940487373721574     
   0.0000000000000000        382.00000000000000       0.45125108606255471       0.41311989113418901       -799.80401713449248        3146.8486761467830        10.331551553092345        33.317175383856792        33.296241599999995        28.101048619005859     
   0.0000000000000000        384.00000000000000       0.45102410390027425       0.41304677210451080       -820.64152969051679        3213.6425175853997        10.505948039781034        33.476677085063464        33.456686400000002        28.261608823494289     
   0.0000000000000000        386.00000000000000       0.45080310931718665       0.41297524520944406       -841.82775782089232        3280.7554259799572        10.680267315546240        33.636241082388750        33.617131200000003        28.422167999451055     
   0.0000000000000000        388.00000000000000       0.45058780202207716       0.41290524213779078       -863.36254821434204        3348.1875188838699        10.854510482211886        33.795860571181422        33.777576000000003        28.582726158954223     
   0.0000000000000000        390.00000000000000       0.45037790678795853       0.41283669972264919       -885.24574971328093        3415.9389014899184        11.028678592828715        33.955529925856432        33.938020800000004        28.743283313899283     
   0.0000000000000000        392.00000000000000       0.45017317013996638       0.41276955930784875       -907.47721322270570        3484.0096686400070        11.202772657813043        34.115244381487649        34.098465600000004        28.903839476002688     
   0.0000000000000000        394.00000000000000       0.44997335771811048       0.41270376623521532       -930.05679162983711        3552.3999063410151        11.376793649672214        34.274999842549647        34.258910399999998        29.064394656805209     
   0.0000000000000000        396.00000000000000       0.44977825210351985       0.41263926941706330       -952.98433973223678        3621.1096929676560        11.550742506817912        34.434792754421458        34.419355199999998        29.224948867675341     
   0.0000000000000000        398.00000000000000       0.44958765098982845       0.41257602097336654       -976.25971417287917        3690.1391002459764        11.724620136730792        34.594620009452257        34.579799999999999        29.385502119812479     
   0.0000000000000000        400.00000000000000       0.44940136562506761       0.41251397592029182       -999.88277338102921        3759.4881940718587        11.898427418632219        34.754478874407972        34.740244799999999        29.546054424250134     
   0.0000000000000000        402.00000000000000       0.44921921947217580       0.41245309190066864       -1023.8533775180637        3829.1570351998771        12.072165205766021        34.914366932546876        34.900689600000000        29.706605791859030     
   0.0000000000000000        404.00000000000000       0.44904104704947068       0.41239332894928182       -1048.1713884275327        3899.1456798275663        12.245834327364108        35.074282036462634        35.061134399999993        29.867156233350119     
   0.0000000000000000        406.00000000000000       0.44886669292096504       0.41233464928734725       -1072.8366695888778        3969.4541800940096        12.419435590351940        35.234222269232120        35.221579200000001        30.027705759277559     
   0.0000000000000000        408.00000000000000       0.44869601081249860       0.41227701714165632       -1097.8490860743418        4040.0825845075660        12.592969780838009        35.394185912150327        35.382024000000001        30.188254380041577     
   0.0000000000000000        410.00000000000000       0.44852886283420401       0.41222039858470738       -1123.2085045086719        4111.0309383145550        12.766437665422506        35.554171417778186        35.542468800000002        30.348802105891281     
