   0.0000000000000000        150.00000000000000       0.34623851271224015       0.32776774915795320       -675.91824106808997       -2242.1484578071468       -10.441534778260378        14.538051301411533        14.517802800000000        6.9494963659003268     
   0.0000000000000000        155.00000000000000       0.34471281993702851       0.32586196363451009       -624.84604474749017       -2168.7400650119489       -9.9606065823513479        14.840161100091443        14.820184799999998        7.2561226660347122     
   0.0000000000000000        160.00000000000000       0.34359311627387529       0.32436314853121651       -576.17188262769662       -2093.8212328795948       -9.4853084390743607        15.142176971103899        15.122566800000000        7.5624977611653348     
   0.0000000000000000        165.00000000000000       0.34277864648474848       0.32316833748114249       -529.86692844082336       -2017.3923200928296       -9.0153054039515528        15.444137130298701        15.424948799999999        7.8686413955337047     
   0.0000000000000000        170.00000000000000       0.34220238850951018       0.32220890103457456       -485.90440704440169       -1939.4535345610041       -8.5502889853917772        15.746062802791913        15.727330799999999        8.1745714119338047     
   0.0000000000000000        175.00000000000000       0.34181772137150190       0.32143685225607405       -444.25930816779777       -1860.0050453312313       -8.0899756409339059        16.047945412146703        16.029712799999999        8.4803039640995319     
   0.0000000000000000        180.00000000000000       0.34159102148098874       0.32081733770638171       -404.90817328925851       -1779.0471384751775       -7.6341053621439929        16.349738911314546        16.332094799999997        8.7858537028015569     
   0.0000000000000000        185.00000000000000       0.34149712912661373       0.32032416585223550       -367.82892476529412       -1696.5803900774583       -7.1824403530387251        16.651359092949161        16.634476799999998        9.0912339390875658     
   0.0000000000000000        190.00000000000000       0.34151632955851724       0.31993695886547296       -333.00072194297081       -1612.6058239274000       -6.7347636946548910        16.952690530263311        16.936858800000000        9.3964567876615899     
   0.0000000000000000        195.00000000000000       0.34163221694534601       0.31963924576643576       -300.40383653575117       -1527.1250217086749       -6.2908778726816603        17.253600423119160        17.239240799999997        9.7015332930045108     
   0.0000000000000000        200.00000000000000       0.34183014334344869       0.31941715118397129       -270.01954349986914       -1440.1401595056284       -5.8506030800287956        17.553957371396169        17.541622799999999        10.006473540488521     
   0.0000000000000000        205.00000000000000       0.34209611401560880       0.31925849647564769       -241.83002575460290       -1351.6539551290900       -5.4137752652414006        17.853652231674882        17.844004799999997        10.311286754432823     
   0.0000000000000000        210.00000000000000       0.34241606501609617       0.31915220933274463       -215.81829211569763       -1261.6695231473091       -4.9802439572933883        18.152618814053131        18.146386799999998        10.615981384782971     
   0.0000000000000000        215.00000000000000       0.34277560949904989       0.31908799451646697       -191.96810849015540       -1170.1900821486968       -4.5498696449234490        18.450909451197830        18.448768799999996        10.920565183865804     
   0.0000000000000000        220.00000000000000       0.34316605525318289       0.31905702960244409       -170.26395890327302       -1077.2155929554224       -4.1225074275097695        18.751090299874747        18.751150799999998        11.225045274474883     
   0.0000000000000000        225.00000000000000       0.34377713687846662       0.31907554724251908       -150.69157420692781       -982.65195717888150       -3.6976017020975718        19.119877804871436        19.053532799999999        11.529428210370556     
   0.0000000000000000        230.00000000000000       0.34901181099318440       0.31961442223166264       -133.25021173742269       -884.58366057971921       -3.2666671688795499        20.693595480612306        19.355914799999997        11.833720030132849     
   0.0000000000000000        235.00000000000000       0.41543150414284363       0.32604785790212504       -118.11598765348430       -760.86265799838645       -2.7350922142336258        32.977833075634429        19.658296799999999        12.137926305179743     
   0.0000000000000000        240.00000000000000       0.71153546889421748       0.35125478505299396       -106.36370077418496       -558.02273322806752       -1.8819126352245104        43.115408161558356        19.960678799999997        12.442052182655379     
   0.0000000000000000        245.00000000000000       0.92130647496500218       0.36459482731023912       -98.478596184120761       -405.79068765694609       -1.2543350672360216        21.595641720952859        20.263060799999998        12.746102423800258     
   0.0000000000000000        250.00000000000000       0.96417120732902695       0.36347892784472458       -92.909175210036324       -316.46686684680196      -0.89423076654706246        16.114245262462980        20.565442799999996        13.050081438335532     
   0.0000000000000000        255.00000000000000       0.97182150021619695       0.36029988151661413       -89.007662699657715       -238.04381007741421      -0.58445547991277047        15.502718299830528        20.867824799999998        13.353993315325168     
   0.0000000000000000        260.00000000000000       0.97350650474580436       0.35741013135472899       -86.662449012720060       -160.30633070037865      -0.28324569879868694        15.603199880391314        21.170206799999999        13.657841850920274     
   0.0000000000000000        265.00000000000000       0.97397079823507071       0.35509655230717341       -85.849380655631592       -81.688336140144244        1.5702054775423926E-002   15.829375087118409        21.472588800000000        13.961630573339441     
   0.0000000000000000        270.00000000000000       0.97411564040043108       0.35335979342813495       -86.559226949157832       -1.8581456048965497       0.31370770868244913        16.090331200311581        21.774970799999998        14.265362765393881     
   0.0000000000000000        275.00000000000000       0.97415032539084334       0.35216072267612014       -88.786899158494876        79.306531112516936       0.61124883734913382        16.368071442900799        22.077352799999996        14.569041484829430     
   0.0000000000000000        280.00000000000000       0.97413197577251076       0.35145821927130888       -92.529361975633790        161.88039207665707       0.90860626447246728        16.657696241878448        22.379734799999998        14.872669582722834     
   0.0000000000000000        285.00000000000000       0.97407568639689490       0.35121532696685454       -97.785024550669178        245.92257084790239        1.2059915628020055        16.957349705115437        22.682116799999996        15.176249720142431     
   0.0000000000000000        290.00000000000000       0.97397862757178255       0.35139970887682009       -104.55346896789270        331.48557033861425        1.5035828941603686        17.266326877674423        22.984498799999997        15.479784383257515     
   0.0000000000000000        295.00000000000000       0.97381907173455440       0.35198271151610172       -112.83530630857516        418.62053426784638        1.8015452222929544        17.585108642659467        23.286880799999999        15.783275897059335     
   0.0000000000000000        300.00000000000000       0.97353341812010408       0.35293722339034178       -122.63215122656098        507.38625506386137        2.1000613543014079        17.917071127093120        23.589262799999997        16.086726437837712     
   0.0000000000000000        305.00000000000000       0.97293734335642190       0.35423199445341508       -133.94685566694886        597.87602292599229        2.3994192740752163        18.275247606224969        23.891644799999998        16.390138044540731     
   0.0000000000000000        310.00000000000000       0.97145759641101181       0.35581297492043196       -146.78457359887571        690.31390856257849        2.7003176843917878        18.708925747488088        24.194026799999996        16.693512629130272     
   0.0000000000000000        315.00000000000000       0.96716687063220241       0.35753404061666616       -161.15690538025748        785.43128014208958        3.0050418588011016        19.412847101399130        24.496408799999998        16.996851986033967     
   0.0000000000000000        320.00000000000000       0.95320859189571261       0.35888630778678837       -177.09821148343934        885.99439550600687        3.3221643968420191        21.170857869841750        24.798790799999995        17.300157800782504     
   0.0000000000000000        325.00000000000000       0.90592846452904130       0.35802869087712202       -194.72873570196637        1002.4697183652831        3.6836875509761526        26.728461118462150        25.101172799999997        17.603431657911827     
   0.0000000000000000        330.00000000000000       0.76884589979202367       0.35012333781729998       -214.44401513708044        1163.4849568722379        4.1755423394221776        39.648958382405965        25.403554799999998        17.906675048200945     
   0.0000000000000000        335.00000000000000       0.54450266475546705       0.33389239340713195       -237.01802277952407        1379.1516606701077        4.8243871147750195        44.897681323804804        25.705936799999996        18.209889375308638     
   0.0000000000000000        340.00000000000000       0.39744392376607557       0.32207860802198346       -262.70924409414926        1575.4339850967256        5.4063036152672792        34.539132727671010        26.008318799999998        18.513075961865606     
   0.0000000000000000        345.00000000000000       0.35202459060859304       0.31809362786803352       -290.91684832655892        1728.9016555054991        5.8545463879190081        28.487939647778024        26.310700799999996        18.816236055072608     
   0.0000000000000000        350.00000000000000       0.34204067015295708       0.31710616730442737       -321.19962046622379        1866.4488127814363        6.2504240949933143        27.063034960781369        26.613082799999997        19.119370831850016     
   0.0000000000000000        355.00000000000000       0.33993026044437641       0.31684307840815495       -353.41960233960248        2001.2957695276809        6.6330010475134742        26.999818195829825        26.915464799999995        19.422481403579589     
   0.0000000000000000        360.00000000000000       0.33931517312938286       0.31673495964810755       -387.54230778658183        2136.8076890560124        7.0120833245627621        27.233935836794974        27.217846799999997        19.725568820474901     
   0.0000000000000000        365.00000000000000       0.33897517607407790       0.31666465947298528       -423.55691112188532        2273.6807327110728        7.3896921748848170        27.525320974286227        27.520228799999998        20.028634075613656     
   0.0000000000000000        370.00000000000000       0.33869770240860175       0.31661024099897850       -461.45731453786590        2412.0442108520415        7.7662203388916424        27.826726951650510        27.822610799999996        20.331678108661372     
   0.0000000000000000        375.00000000000000       0.33844801168527883       0.31656778491543275       -501.23836847882603        2551.9197529732946        8.1417549905389883        28.129633728984178        28.124992799999998        20.634701809313260     
   0.0000000000000000        380.00000000000000       0.33822045945928392       0.31653649370288245       -542.89518269607299        2693.3101443134656        8.5163298079198384        28.432623896619376        28.427374799999996        20.937706020478561     
   0.0000000000000000        385.00000000000000       0.33801377764833557       0.31651603891528618       -586.42300702028888        2836.2151559901322        8.8899692545725220        28.735491852963001        28.729756799999997        21.240691541229243     
   0.0000000000000000        390.00000000000000       0.33782723876678850       0.31650612787781585       -631.81720962630811        2980.6341780909106        9.2626958659415859        29.038225494579926        29.032138799999995        21.543659129532681     
