   330.00000000000000                1  0.98619636154480750       0.14047594847617484       0.84572041306863266     
   330.00000000000000                2  0.99035817108425572       0.64736688929768249       0.34299128178657323     
   330.00000000000000                3  0.99729051514530953       0.12176234836617136       0.87552816677913814     
   330.00000000000000                4  0.99768630133833147       0.56260038234950649       0.43508591898882498     
   330.00000000000000                5  0.99834611605711698       0.44875304560115592       0.54959307045596106     
   330.00000000000000                6  0.99853402249082424       0.60828429428968223       0.39024972820114201     
   330.00000000000000                7  0.99876807385776489        5.0197102596663212E-002  0.94857097126110168     
   330.00000000000000                8  0.99890106624909569       0.23145592672010867       0.76744513952898696     
   330.00000000000000                9  0.99890682488129834       0.45435905884063810       0.54454776604066024     
   330.00000000000000               10  0.99897189581289725       0.52672647444722054       0.47224542136567671     
   330.00000000000000               11  0.99917446162355272       0.41416363647182003       0.58501082515173275     
   330.00000000000000               12  0.99951408372705597       0.19267197382007478       0.80684210990698113     
   330.00000000000000               13  0.99960185590186090       0.37972603609324052       0.61987581980862039     
   330.00000000000000               14  0.99952557540975595       0.76316958382822797       0.23635599158152798     
   330.00000000000000               15  0.99975311032864611       0.45657141721010303       0.54318169311854314     
   330.00000000000000               16  0.99981336644502616       0.57781496529591181       0.42199840114911435     
   330.00000000000000               17  0.99993824773009465       0.22046276395281220       0.77947548377728249     
   330.00000000000000               18  0.99996158139271363       0.16715814177573873       0.83280343961697489     
   330.00000000000000               19  0.99997210981044349       0.53569147736709954       0.46428063244334394     
   330.00000000000000               20  0.99998332819501323       0.18838966978636335       0.81159365840864983     
   330.00000000000000               21  0.99998612984447410       0.54261640343806494       0.45736972640640916     
   330.00000000000000               22  0.99998626319356898       0.70156823491505338       0.29841802827851560     
   330.00000000000000               23  0.99999158868828963        9.1987856105308768E-002  0.90800373258298084     
   330.00000000000000               24  0.99999191017478783       0.46720339907025210       0.53278851110453573     
   330.00000000000000               25  0.99999279637704497       0.26773659622803470       0.73225620014901027     
   330.00000000000000               26  0.99999355012444835       0.47162749480178967       0.52836605532265868     
   330.00000000000000               27  0.99999421060025884       0.27202287633425271       0.72797133426600613     
   330.00000000000000               28  0.99999446602420483        6.2938081550259733E-002  0.93705638447394513     
   330.00000000000000               29  0.99999407500920034       0.28725033057474192       0.71274374443445843     
   330.00000000000000               30  0.99999414285089028       0.30153351172188558       0.69846063112900469     
   330.00000000000000               31  0.99999432007527100       0.39190166730814768       0.60809265276712332     
   330.00000000000000               32  0.99999462366283698       0.32485222869046759       0.67514239497236939     
   330.00000000000000               33  0.99999494809482736       0.39517879956567736       0.60481614852915000     
   330.00000000000000               34  0.99999487039207291       0.31379867299484943       0.68619619739722348     
   330.00000000000000               35  0.99999473869209921       0.19478786984822194       0.80520686884387727     
   330.00000000000000               36  0.99999479647533063       0.37318227411012717       0.62681252236520346     
   330.00000000000000               37  0.99999471987457045       0.58497718089974504       0.41501753897482541     
   330.00000000000000               38  0.99999457392546498       0.10482590913786038       0.89516866478760460     
   330.00000000000000               39  0.99999454905311791       0.31679763034094427       0.68319691871217358     
   330.00000000000000               40  0.99999469041213240       0.28013454520670372       0.71986014520542874     
   330.00000000000000               41  0.99999477941949688       0.49553987983563003       0.50445489958386691     
   330.00000000000000               42  0.99999513904547910       0.43043237081843955       0.56956276822703955     
   330.00000000000000               43  0.99999575238040261       0.48809729841256877       0.51189845396783384     
   330.00000000000000               44  0.99999656675360205       0.46635925442670850       0.53363731232689360     
   330.00000000000000               45  0.99999715345073548       0.52762089458366801       0.47237625886706747     
   330.00000000000000               46  0.99999773265743008       0.30134212264659799       0.69865561001083210     
   330.00000000000000               47  0.99999773958034144       0.73713548402938023       0.26286225555096121     
   330.00000000000000               48  0.99999809675976037       0.17707275185678195       0.82292534490297842     
   330.00000000000000               49  0.99999804681541660       0.59807735062679490       0.40192069618862170     
   330.00000000000000               50  0.99999810871191097       0.26756602789222567       0.73243208081968536     
   330.00000000000000               51  0.99999816851770529       0.21632026087722273       0.78367790764048251     
   330.00000000000000               52  0.99999820907170323       0.31033573897922556       0.68966247009247761     
   330.00000000000000               53  0.99999824967024153        7.1824602918927519E-002  0.92817364675131397     
   330.00000000000000               54  0.99999819366424236       0.46392039860066669       0.53607779506357567     
   330.00000000000000               55  0.99999821853217741       0.29126635602098139       0.70873186251119602     
   330.00000000000000               56  0.99999824859496056       0.35872769214669520       0.64127055644826536     
   330.00000000000000               57  0.99999823618204098       0.16141076242914754       0.83858747375289344     
   330.00000000000000               58  0.99999813996428277       0.29616847571406762       0.70382966425021509     
   330.00000000000000               59  0.99999816427142585       0.25243713757204872       0.74756102669937707     
   330.00000000000000               60  0.99999814904437301       0.29275690586701919       0.70724124317735382     
   330.00000000000000               61  0.99999812459004134       0.10057336133977229       0.89942476325026899     
   330.00000000000000               62  0.99999760596789877       0.49858094394049196       0.50141666202740676     
   330.00000000000000               63  0.99999746170731951        9.8349765352362589E-002  0.90164769635495690     
   330.00000000000000               64  0.99999725341101542       0.28308850916660855       0.71690874424440687     
   330.00000000000000               65  0.99999707907447966       0.52940000445399849       0.47059707462048117     
   330.00000000000000               66  0.99999772462381542        8.8865481250823553E-002  0.91113224337299181     
   330.00000000000000               67  0.99999757050244198       0.74058977407384496       0.25940779642859702     
   330.00000000000000               68  0.99999756421103081       0.53209078345756888       0.46790678075346193     
   330.00000000000000               69  0.99999694975086273       0.26628045308307702       0.73371649666778571     
   330.00000000000000               70  0.99999658762640631       0.64504832694867442       0.35494826067773189     
   330.00000000000000               71  0.99999646795830777       0.66335475504737995       0.33664171291092782     
   330.00000000000000               72  0.99999643425517681       0.42944963062602542       0.57054680362915144     
   330.00000000000000               73  0.99999634267220761       0.44733750592317978       0.55265883674902783     
   330.00000000000000               74  0.99999638110684508       0.26713976376490733       0.73285661734193774     
   330.00000000000000               75  0.99999619484042146       0.40288437717438214       0.59711181766603927     
   330.00000000000000               76  0.99999582601602854       0.38781383401966374       0.61218199199636480     
   330.00000000000000               77  0.99999552112028778       0.61530640274212689       0.38468911837816089     
   330.00000000000000               78  0.99999530623612953       0.36669121817723183       0.63330408805889771     
   330.00000000000000               79  0.99999507508630170       0.50162015456191522       0.49837492052438648     
   330.00000000000000               80  0.99999510121148405       0.27931266210603922       0.72068243910544483     
   330.00000000000000               81  0.99999462908009507       0.56408858748056456       0.43590604159953050     
   330.00000000000000               82  0.99999453344935874       0.56240026847756219       0.43759426497179654     
   330.00000000000000               83  0.99999436114290607       0.23191719233766217       0.76807716880524390     
   330.00000000000000               84  0.99999354368818649       0.28844757008093586       0.71154597360725069     
   330.00000000000000               85  0.99999223953885652       0.55161038232848991       0.44838185721036661     
   330.00000000000000               86  0.99999164282861019       0.64356345854517805       0.35642818428343215     
   330.00000000000000               87  0.99999170686627969       0.17176884969442113       0.82822285717185862     
   330.00000000000000               88  0.99999116314108749       0.36576343772152414       0.63422772541956340     
   330.00000000000000               89  0.99999062344184231       0.45024639510156961       0.54974422834027270     
   330.00000000000000               90  0.99999014394411101       0.49874031769642108       0.50124982624768988     
   330.00000000000000               91  0.99999004913293432       0.36629772055738763       0.63369232857554669     
   330.00000000000000               92  0.99998939612270199       0.29968546787278505       0.70030392824991694     
   330.00000000000000               93  0.99998799255031423       0.44453349571355982       0.55545449683675441     
   330.00000000000000               94  0.99998716085033035       0.33140126989465724       0.66858589095567311     
   330.00000000000000               95  0.99998530463982305       0.35945951035761659       0.64052579428220646     
   330.00000000000000               96  0.99998318607748549       0.40628172050759392       0.59370146556989156     
   330.00000000000000               97  0.99997792634113103       0.45051870630201829       0.54945922003911274     
   330.00000000000000               98  0.99997418209558120       0.22366500652320181       0.77630917557237944     
   330.00000000000000               99  0.99995969083836833       0.26699580339257833       0.73296388744579000     
   330.00000000000000              100  0.99993350347752530       0.50939824671714806       0.49053525676037724     
   330.00000000000000              101  0.99990532550650446       0.29907301695095700       0.70083230855554746     
   330.00000000000000              102  0.99983940115994274       0.67082626446977445       0.32901313669016830     
   330.00000000000000              103  0.99983975168554617       0.56347918835830013       0.43636056332724604     
   330.00000000000000              104  0.99984024423638562       0.51123601598003310       0.48860422825635252     
   330.00000000000000              105  0.99985385812366401       0.14092166460917910       0.85893219351448491     
   330.00000000000000              106  0.99983339187557019       0.39515026337849501       0.60468312849707517     
   330.00000000000000              107  0.99982168149645245       0.69592433464739623       0.30389734684905623     
   330.00000000000000              108  0.99982298612156351        6.7297352876932226E-002  0.93252563324463122     
   330.00000000000000              109  0.99958089021156638       0.55100436578024015       0.44857652443132623     
   330.00000000000000              110  0.99956257115699187       0.52138390052212502       0.47817867063486685     
   330.00000000000000              111  0.99951570965288861        3.7080289522385318E-002  0.96243542013050332     
   330.00000000000000              112  0.99794185720762418       0.45795665761273874       0.53998519959488545     
   330.00000000000000              113  0.99544316795766341       0.58411852014183618       0.41132464781582723     
   330.00000000000000              114  0.99381975113004395       0.42743205623332570       0.56638769489671825     
   330.00000000000000              115  0.99018176446107353       0.29373781449954095       0.69644394996153258     
   330.00000000000000              116  0.98084084870709709       0.44702010510130941       0.53382074360578768     
   330.00000000000000              117  0.96814058248163504       0.69300687795294103       0.27513370452869401     
   330.00000000000000              118  0.96844610975556278       0.51311824468907363       0.45532786506648915     
   330.00000000000000              119  0.97255598284905564       0.25588635092025436       0.71666963192880129     
   330.00000000000000              120  0.97319571401698868       0.35928729016892236       0.61390842384806632     
   330.00000000000000              121  0.97207691524248829       0.38891442577531443       0.58316248946717386     
   330.00000000000000              122  0.97179577919727356       0.54981279212759282       0.42198298706968074     
   330.00000000000000              123  0.97093027787385178       0.13819925073337308       0.83273102714047864     
   330.00000000000000              124  0.93868841802588354       0.42965685146926980       0.50903156655661375     
   330.00000000000000              125  0.89309698718886144       0.27716146792412683       0.61593551926473467     
   330.00000000000000              126  0.60678782307399493       0.44515799199361916       0.16162983108037576     
   330.00000000000000              127  0.59644697340593822       0.40285760846469232       0.19358936494124590     
   330.00000000000000              128  0.50260430312056636       0.41055086009458686        9.2053443025979509E-002
