  0.40948380193568940     
   2.0555012354291687E-003
   2.2953772812510050E-004
   4.8776132615950334E-005
   1.3507647631045756E-005
   4.2102711441964800E-006
   1.4181450541250589E-006
   4.7213095265743213E-007
   1.6960121514643968E-007
   5.9559732588533579E-008
   2.3976995563008045E-008
   1.0295628487045179E-008
   4.5556872451968608E-009
   2.0130042873491763E-009
   9.1063964648191551E-010
   4.2233200559463105E-010
   1.9328576580549286E-010
   7.6615994723246755E-011
   3.4498399521208950E-011
   1.5777722940873411E-011
   7.4370258143742530E-012
   3.5424981718824270E-012
   1.5939890877674603E-012
   7.0767380592822223E-013
   3.3591942235004584E-013
   1.6279588887097628E-013
   8.2252848878194172E-014
   4.1917339959037595E-014
   2.1356942437689229E-014
   1.0555456515152901E-014
   5.2485313769580378E-015
   2.7117017326485093E-015
   1.4470597675141726E-015
   7.8053864942194591E-016
   4.3157561985391820E-016
   2.4273869814237177E-016
   1.3815550179224731E-016
   7.6597025197757391E-017
   3.7327139604997880E-017
   1.9625974929536092E-017
   9.5164501139836800E-018
   3.8412749332188433E-018
   1.9320244224875776E-018
   8.5259284991138305E-019
   3.4713409169421176E-019
   1.7890155761111955E-019
   8.7823557510771668E-020
   4.7226073843755854E-020
   2.8286018253584982E-020
   1.7396213167168283E-020
   1.1011046153819211E-020
   6.9468268155842364E-021
   4.2205958976362353E-021
   2.4979514400373175E-021
   1.4608876918213230E-021
   8.6098279251557946E-022
   4.7072789098238990E-022
   2.8806730404625865E-022
   1.6841243311739978E-022
   9.5948160883726946E-023
   5.7344606745075394E-023
   3.2011956036381111E-023
   1.2077047573746228E-023
   6.0484191554492517E-024
   2.0373869391074636E-024
   4.2404150395801244E-025
   2.0240286404430100E-025
   6.6855566452920663E-026
   3.0616368646435974E-026
   1.3927976964713149E-026
   6.8890323735041202E-027
   3.4514836333459907E-027
   1.9365249370757335E-027
   1.0667151845985083E-027
   5.1616020956291209E-028
   1.4290093541375451E-028
   7.0100442539261489E-029
   3.6734338565913807E-029
   2.0283739240771373E-029
   1.1491493860364928E-029
   6.3441311138565975E-030
   3.6646451002698749E-030
   2.0085735721110447E-030
   1.1639788548400742E-030
   6.7452443929574765E-031
   4.1339941921660406E-031
   2.4346496977484874E-031
   1.3762990109436682E-031
   6.8895034495905031E-032
   3.4716301325718342E-032
   1.6552685936338054E-032
   9.5105703718319602E-033
   4.6578368065940580E-033
   2.0413525460723049E-033
   1.0018618645901433E-033
   5.0989320823617403E-034
   2.6248660913496776E-034
   1.3206647732027060E-034
   5.7633335015564923E-035
   2.4298365325222481E-035
   7.8875458526672882E-036
   3.8895738203975058E-036
   2.0668943920941595E-036
   1.0891597561304473E-036
   5.5631139281722845E-037
   2.4514110481421593E-037
   1.4053768680388457E-037
   7.6289270639839958E-038
   3.9219853123991023E-038
   2.1873640989318036E-038
   1.1497063990160877E-038
   6.2296095256014125E-039
   3.7404531073887017E-039
   2.2195522113927976E-039
   1.3091042226629916E-039
   7.3051980462382588E-040
   3.8298193761589346E-040
   2.2720465548905265E-040
   1.3459966332492375E-040
   7.0445508443182772E-041
   3.0802790859435972E-041
   1.3829983626129401E-041
   8.5505060297449590E-042
   4.9607431183088493E-042
   2.9235984098998836E-042
   1.0224788901909958E-042
   6.2861380091178483E-043
   2.1804122152710285E-043
