 #T       Residue #i       m_i         sigma_i         m_i - sigma_i 
   376.00000000000000                1  0.51209749965070506       0.45850447278088402        5.3593026869821037E-002
   376.00000000000000                2  0.48365449241768399       0.45074549367820427        3.2908998739479722E-002
   376.00000000000000                3  0.46006293218299665       0.38907550704873095        7.0987425134265703E-002
   376.00000000000000                4  0.46720836075990990       0.42004563274769591        4.7162728012213995E-002
   376.00000000000000                5  0.47374515137038864       0.42767685283154266        4.6068298538845975E-002
   376.00000000000000                6  0.47636742699242851       0.43290873342652553        4.3458693565902984E-002
   376.00000000000000                7  0.47928239296650377       0.40148604396724152        7.7796348999262244E-002
   376.00000000000000                8  0.46744953966085101       0.41672956931716887        5.0719970343682141E-002
   376.00000000000000                9  0.46079449826942409       0.41713426586576341        4.3660232403660681E-002
   376.00000000000000               10  0.45759037894202592       0.41475376006585002        4.2836618876175903E-002
   376.00000000000000               11  0.45852029437684622       0.41390255154008904        4.4617742836757179E-002
   376.00000000000000               12  0.45734882912708830       0.41328854251967850        4.4060286607409793E-002
   376.00000000000000               13  0.45142954575399091       0.41350595366657822        3.7923592087412694E-002
   376.00000000000000               14  0.43662680127974052       0.41221121430104379        2.4415586978696724E-002
   376.00000000000000               15  0.43429961328656663       0.40989982286670323        2.4399790419863399E-002
   376.00000000000000               16  0.44533553720479746       0.40891017276409403        3.6425364440703434E-002
   376.00000000000000               17  0.45016216428908351       0.41010662106247309        4.0055543226610424E-002
   376.00000000000000               18  0.45131709990463820       0.41108649115735763        4.0230608747280572E-002
   376.00000000000000               19  0.45320791842068575       0.41201901238271621        4.1188906037969542E-002
   376.00000000000000               20  0.45681238195875890       0.41219638311465884        4.4615998844100058E-002
   376.00000000000000               21  0.45818661567517532       0.41638539174804629        4.1801223927129039E-002
   376.00000000000000               22  0.45789983014952079       0.41979107788807646        3.8108752261444334E-002
   376.00000000000000               23  0.45634295631435540       0.40536810263296086        5.0974853681394539E-002
   376.00000000000000               24  0.45141973665986901       0.40902566292060855        4.2394073739260463E-002
   376.00000000000000               25  0.45753566931124767       0.41360713138111660        4.3928537930131073E-002
   376.00000000000000               26  0.46181271038650429       0.41968336804045869        4.2129342346045595E-002
   376.00000000000000               27  0.46323699993596745       0.41654340580380222        4.6693594132165228E-002
   376.00000000000000               28  0.46117348120687729       0.41154377572711021        4.9629705479767083E-002
   376.00000000000000               29  0.45670084634351160       0.41441390051032423        4.2286945833187373E-002
   376.00000000000000               30  0.45689098926592842       0.41359188240221678        4.3299106863711634E-002
   376.00000000000000               31  0.45781311106266442       0.41443801248727341        4.3375098575391013E-002
   376.00000000000000               32  0.45913241087278700       0.41535586098687116        4.3776549885915839E-002
   376.00000000000000               33  0.46372575200183713       0.41147765936041480        5.2248092641422328E-002
   376.00000000000000               34  0.46189411758347321       0.42068946344744496        4.1204654136028251E-002
   376.00000000000000               35  0.45671977189630597       0.41414097880723766        4.2578793089068312E-002
   376.00000000000000               36  0.45606226162631791       0.41125126512063692        4.4810996505680989E-002
   376.00000000000000               37  0.45561565573815266       0.41606289965021070        3.9552756087941954E-002
   376.00000000000000               38  0.45086004583331685       0.41065670648533970        4.0203339347977152E-002
   376.00000000000000               39  0.45135808041880987       0.40676308997662269        4.4594990442187177E-002
   376.00000000000000               40  0.44849448788755958       0.41350492141751949        3.4989566470040090E-002
   376.00000000000000               41  0.44918338896949811       0.40988529851878175        3.9298090450716361E-002
   376.00000000000000               42  0.44197729619395543       0.40565136645173838        3.6325929742217045E-002
   376.00000000000000               43  0.43773313813107084       0.40401886732685083        3.3714270804220015E-002
   376.00000000000000               44  0.43991712688607587       0.40475138755493245        3.5165739331143420E-002
   376.00000000000000               45  0.44409431250332404       0.40499298009793616        3.9101332405387879E-002
   376.00000000000000               46  0.45539662207813747       0.40782606507251290        4.7570557005624570E-002
   376.00000000000000               47  0.45556475586815681       0.41965749221576798        3.5907263652388832E-002
   376.00000000000000               48  0.46172869918956605       0.41329616828139409        4.8432530908171956E-002
   376.00000000000000               49  0.45520604041079049       0.41703996652469122        3.8166073886099272E-002
   376.00000000000000               50  0.45086947175105280       0.40583155245388830        4.5037919297164497E-002
   376.00000000000000               51  0.45069578968373036       0.40541277086727384        4.5283018816456522E-002
   376.00000000000000               52  0.45197554498653325       0.41318995215924648        3.8785592827286774E-002
   376.00000000000000               53  0.45370814410379845       0.40548734761119842        4.8220796492600027E-002
   376.00000000000000               54  0.44892933276480529       0.41041037435606581        3.8518958408739479E-002
   376.00000000000000               55  0.45304042522326571       0.41601837284313670        3.7022052380129011E-002
   376.00000000000000               56  0.45693451030765586       0.41700566662617700        3.9928843681478865E-002
   376.00000000000000               57  0.45480212937626396       0.40947392527180193        4.5328204104462033E-002
   376.00000000000000               58  0.44677083542728668       0.40703807533759617        3.9732760089690511E-002
   376.00000000000000               59  0.44876951040418239       0.40503755776692185        4.3731952637260540E-002
   376.00000000000000               60  0.45212068819292839       0.41386266388337284        3.8258024309555549E-002
   376.00000000000000               61  0.45305929107454684       0.41321094941034708        3.9848341664199760E-002
   376.00000000000000               62  0.44848144748254881       0.41111720853901501        3.7364238943533801E-002
   376.00000000000000               63  0.44369024933319007       0.40790584048510026        3.5784408848089810E-002
   376.00000000000000               64  0.44289565084642191       0.40689972224138299        3.5995928605038918E-002
   376.00000000000000               65  0.43983570578726638       0.40506421908989065        3.4771486697375731E-002
   376.00000000000000               66  0.47558027400318015       0.40516905345953758        7.0411220543642572E-002
   376.00000000000000               67  0.47572341277086849       0.43805358672989875        3.7669826040969745E-002
   376.00000000000000               68  0.47484395358309595       0.40888677772655563        6.5957175856540318E-002
   376.00000000000000               69  0.44658702089659535       0.40712639797608408        3.9460622920511279E-002
   376.00000000000000               70  0.44544312340747394       0.41002242719972065        3.5420696207753288E-002
   376.00000000000000               71  0.44211677911065772       0.40836842106286986        3.3748358047787863E-002
   376.00000000000000               72  0.44134660411892546       0.40574000891979606        3.5606595199129398E-002
   376.00000000000000               73  0.44200772600967986       0.40404062326724188        3.7967102742437975E-002
   376.00000000000000               74  0.45051638357921941       0.41016436727264738        4.0352016306572036E-002
   376.00000000000000               75  0.45167637888757972       0.41252603432364865        3.9150344563931072E-002
   376.00000000000000               76  0.45066217701652089       0.41117454016194732        3.9487636854573571E-002
   376.00000000000000               77  0.44697169440940582       0.41027288153015229        3.6698812879253528E-002
   376.00000000000000               78  0.44330516019009369       0.40516047502845259        3.8144685161641101E-002
   376.00000000000000               79  0.44467139620656743       0.40678206257138516        3.7889333635182265E-002
   376.00000000000000               80  0.45045637407678674       0.41241835342858024        3.8038020648206494E-002
   376.00000000000000               81  0.45350638396662213       0.41244667502572585        4.1059708940896278E-002
   376.00000000000000               82  0.45325260018889590       0.41359530666695449        3.9657293521941417E-002
   376.00000000000000               83  0.45170495603232219       0.41217655556129817        3.9528400471024017E-002
   376.00000000000000               84  0.44496026097288588       0.40791008573566734        3.7050175237218541E-002
   376.00000000000000               85  0.44602817804621347       0.40747551604061111        3.8552662005602367E-002
   376.00000000000000               86  0.44305534138206842       0.40952802975044883        3.3527311631619594E-002
   376.00000000000000               87  0.44987960607449251       0.40867267456820844        4.1206931506284072E-002
   376.00000000000000               88  0.44921338631497076       0.41143004043879583        3.7783345876174934E-002
   376.00000000000000               89  0.45342762797679176       0.41078034749268633        4.2647280484105432E-002
   376.00000000000000               90  0.45359854549153222       0.41323561880535320        4.0362926686179024E-002
   376.00000000000000               91  0.45628921838028635       0.41518530810357201        4.1103910276714339E-002
   376.00000000000000               92  0.45814842281012547       0.41397221742567175        4.4176205384453715E-002
   376.00000000000000               93  0.45891785936129958       0.41332780029432736        4.5590059066972222E-002
   376.00000000000000               94  0.45950483775860995       0.41491065308661423        4.4594184671995718E-002
   376.00000000000000               95  0.45997495176931819       0.41559594034786751        4.4379011421450676E-002
   376.00000000000000               96  0.45646955697010744       0.41511250361884666        4.1357053351260775E-002
   376.00000000000000               97  0.45463232363449357       0.41423512090394154        4.0397202730552029E-002
   376.00000000000000               98  0.45714813749376337       0.41318515028617220        4.3962987207591175E-002
   376.00000000000000               99  0.45410298106794722       0.41392933051957242        4.0173650548374795E-002
   376.00000000000000              100  0.45020456522525476       0.41186330184361664        3.8341263381638124E-002
   376.00000000000000              101  0.44609110233672489       0.40849815947527135        3.7592942861453538E-002
   376.00000000000000              102  0.44186026962632174       0.40808283395360562        3.3777435672716127E-002
   376.00000000000000              103  0.44462398683934357       0.40807782221850697        3.6546164620836596E-002
   376.00000000000000              104  0.44824976459585630       0.41063384838055983        3.7615916215296474E-002
   376.00000000000000              105  0.46021295742356316       0.41047768484692299        4.9735272576640177E-002
   376.00000000000000              106  0.46758884565091108       0.41799737568352580        4.9591469967385282E-002
   376.00000000000000              107  0.46279577565348695       0.42423472343263241        3.8561052220854541E-002
   376.00000000000000              108  0.46695230773013802       0.40739123765280588        5.9561070077332134E-002
   376.00000000000000              109  0.46692667371273827       0.41842718289006853        4.8499490822669744E-002
   376.00000000000000              110  0.47144295864118901       0.42620884605552067        4.5234112585668340E-002
   376.00000000000000              111  0.47632407500709573       0.40907449659627326        6.7249578410822464E-002
   376.00000000000000              112  0.46832496446098848       0.42068287845760327        4.7642086003385209E-002
   376.00000000000000              113  0.46065848738875825       0.41668357776793530        4.3974909620822955E-002
   376.00000000000000              114  0.45356757198245667       0.41457219586192040        3.8995376120536274E-002
   376.00000000000000              115  0.45301601393321422       0.41063094965856906        4.2385064274645168E-002
   376.00000000000000              116  0.45135966643489067       0.41113946027400206        4.0220206160888616E-002
   376.00000000000000              117  0.44418396787100323       0.41078901010083219        3.3394957770171041E-002
   376.00000000000000              118  0.44770277918630941       0.40640118302204120        4.1301596164268206E-002
   376.00000000000000              119  0.45933027049715769       0.41044092188064496        4.8889348616512729E-002
   376.00000000000000              120  0.46685837277717979       0.42107136375208887        4.5787009025090919E-002
   376.00000000000000              121  0.47403950220307511       0.41070848236341101        6.3331019839664104E-002
   376.00000000000000              122  0.47554997324140869       0.42345490106489814        5.2095072176510548E-002
   376.00000000000000              123  0.47324971326733356       0.42358084632512505        4.9668866942208512E-002
   376.00000000000000              124  0.46872898647621219       0.42033678502625349        4.8392201449958705E-002
   376.00000000000000              125  0.46491370956340289       0.40601921924194140        5.8894490321461490E-002
   376.00000000000000              126  0.43052310518910042       0.39608713276866836        3.4435972420432059E-002
   376.00000000000000              127  0.46156268536386907       0.42744764232155141        3.4115043042317661E-002
   376.00000000000000              128  0.48421064217651494       0.45514857504572653        2.9062067130788405E-002
