   0.0000000000000000        50.000000000000000       0.99976518571477790       0.99420074186896701       -2659.5999836951810       -3070.8206004168837       -8.2244123344340583        5.0625017497801474        4.8867407999999992      -0.37719794487505454     
   0.0000000000000000        60.000000000000000       0.99993812068949584       0.99256615911718948       -2582.2872865498553       -3017.1978736113460       -7.2485097843581849        5.6982805922254567        5.6846447999999992       0.42847776484976924     
   0.0000000000000000        70.000000000000000       0.99997768878051929       0.99190474411319862       -2514.5042366119392       -2956.3282250410057       -6.3117712632723739        6.4912400361946334        6.4825488000000000        1.2327933953461168     
   0.0000000000000000        80.000000000000000       0.99998973495235022       0.99091615935505584       -2456.0059213424825       -2887.1394914796460       -5.3891696267145450        7.3566746832955587        7.2804527999999999        2.0360607995562026     
   0.0000000000000000        90.000000000000000       0.99999497657143288       0.98848369122566071       -2406.7131319687605       -2808.8705054972647       -4.4684152614278219        8.3380677025125518        8.0783567999999999        2.8385323716491895     
   0.0000000000000000        100.00000000000000       0.99999812909895835       0.97598674314705791       -2366.7811122409480       -2715.9221974980014       -3.4914108525705312        11.102183400759385        8.8762607999999990        3.6403935036158490     
   0.0000000000000000        110.00000000000000       0.99999994836129624       0.89741109185617984       -2338.4319634632684       -2576.4397717408315       -2.1637073479778444        12.649476446787851        9.6741647999999998        4.4417775062500793     
   0.0000000000000000        120.00000000000000       0.99999999406515705       0.79080489883720528       -2322.3399794593265       -2431.7477627486819      -0.91173152741129782        23.763793620498777        10.472068799999999        5.2427806230186533     
   0.0000000000000000        130.00000000000000       0.99999998049247729       0.59074775719637806       -2320.8682425172174       -2266.2226555907655       0.42035066866501553        12.327318773602725        11.269972800000000        6.0434733251926005     
   0.0000000000000000        140.00000000000000       0.99999984192798452       0.50731276394724545       -2329.4035708391043       -2153.0671842790093        1.2595456182863931        11.173720873756107        12.067876800000001        6.8439081686749255     
   0.0000000000000000        150.00000000000000       0.99999772331927228       0.35413518653667364       -2346.3420297513262       -2022.5177134954909        2.1588287750389021        13.956616089136103        12.865780800000000        7.6441251336244012     
   0.0000000000000000        160.00000000000000       0.99999459482779895       0.21653107815213540       -2372.0168821191291       -1903.6349175595055        2.9273872784976489        10.427947714898645        13.663684799999999        8.4441552447441399     
   0.0000000000000000        170.00000000000000       0.99999314379901549       0.17005933390303002       -2404.4214247612917       -1801.7010290852184        3.5454140922121966        10.198404593451057        14.461588799999999        9.2440230429395260     
   0.0000000000000000        180.00000000000000       0.99999250778016302       0.14872364414405934       -2442.8560151161828       -1697.5791126830998        4.1404272357393497        10.676046095289596        15.259492799999999        10.043748292212918     
   0.0000000000000000        190.00000000000000       0.99999235389852947       0.14028338742550847       -2487.2310008985423       -1587.5015614519093        4.7354181023507023        11.364223379422841        16.057396799999999        10.843347174695973     
   0.0000000000000000        200.00000000000000       0.99999254408365779       0.14106421969290789       -2537.5917457727633       -1469.8887042807662        5.3385152074599835        12.175884234861863        16.855300799999998        11.642833139802644     
   0.0000000000000000        210.00000000000000       0.99999301292898246       0.14966307602333842       -2594.0434988501606       -1343.6528596233302        5.9542411391753838        13.087719928294497        17.653204800000001        12.442217516901149     
   0.0000000000000000        220.00000000000000       0.99999372744184833       0.16591443704746986       -2656.7303516245074       -1207.7858701139023        6.5861112795936601        14.104860453618645        18.451108800000000        13.241509964208358     
   0.0000000000000000        230.00000000000000       0.99999466451194263       0.19064487793114074       -2725.8321404005651       -1061.0987698056374        7.2379711764996868        15.261454936975037        19.249012799999999        14.040718802729980     
   0.0000000000000000        240.00000000000000       0.99999579892096502       0.22670181703331624       -2801.5764662845722       -901.71378513299612        7.9160945047982345        16.679029081813745        20.046916800000002        14.839851268412483     
   0.0000000000000000        250.00000000000000       0.99999709513683210       0.28222011968236932       -2884.2879445378135       -725.56322719055800        8.6348988693890227        18.681511564952157        20.844820799999997        15.638913705309555     
   0.0000000000000000        260.00000000000000       0.99999840375484794       0.36678267659969671       -2974.4891358997211       -526.11420424345465        9.4168266602164099        21.179053450310196        21.642724800000000        16.437911715634243     
   0.0000000000000000        270.00000000000000       0.99999930943705284       0.45879363547411478       -3072.7870153656845       -306.57657201898940        10.245223864247020        22.409560192804896        22.440628799999999        17.236850277878553     
   0.0000000000000000        280.00000000000000       0.99999967723409244       0.52300677722924616       -3179.3544049654624       -81.221931521151319        11.064758833729682        22.680622727138019        23.238532799999998        18.035733840975965     
   0.0000000000000000        290.00000000000000       0.99999981032470009       0.56665438243122568       -3294.0387120931223        148.68807654177371        11.871471684947917        23.369908410098642        24.036436800000001        18.834566400263139     
   0.0000000000000000        300.00000000000000       0.99999988713207677       0.60236452078253955       -3416.7845058690623        386.53485139166230        12.677731190869082        24.179593104939894        24.834340800000000        19.633351559444943     
   0.0000000000000000        310.00000000000000       0.99999993941577558       0.63147674469983972       -3547.5860425502187        631.80084581615165        13.481893188278613        24.863156156896551        25.632244800000002        20.432092581669167     
   0.0000000000000000        320.00000000000000       0.99999996970245697       0.65486426638069950       -3686.4102673566326        884.06115840442112        14.282723205503293        25.625692240070691        26.430148799999998        21.230792432031713     
   0.0000000000000000        330.00000000000000       0.99999998454725014       0.67679355987092638       -3833.2522381043977        1145.6019356353449        15.087436890120433        26.785891458507976        27.228052799999997        22.029453813265810     
   0.0000000000000000        340.00000000000000       0.99999999110119608       0.70562550067615859       -3988.2364675714007        1423.3237521847789        15.916353587518175        29.033387012289431        28.025956799999996        22.828079195954277     
   0.0000000000000000        350.00000000000000       0.99999999371860515       0.75559206077854080       -4151.8040996211776        1732.3845431288266        16.811967550714296        32.911282417758784        28.823860799999999        23.626670844297788     
   0.0000000000000000        360.00000000000000       0.99999999402722262       0.82123919251219890       -4324.7097625822144        2073.0186064971917        17.771467691887239        34.331828421678097        29.621764800000001        24.425230838244453     
   0.0000000000000000        370.00000000000000       0.99999999116266169       0.86409598580228519       -4507.0701027087898        2407.3474895168970        18.687615114123478        32.504550967532616        30.419668800000000        25.223761092614247     
   0.0000000000000000        380.00000000000000       0.99999997994573819       0.88266202511427594       -4698.2539949117427        2728.0074186279571        19.542793193525529        31.915386888785441        31.217572799999999        26.022263373721572     
   0.0000000000000000        390.00000000000000       0.99999994403164649       0.89341130636028332       -4897.8653070721275        3049.8993536929033        20.378883745551363        32.606019859479908        32.015476799999995        26.820739313899278     
   0.0000000000000000        400.00000000000000       0.99999984164480238       0.90443502257977326       -5105.8496938818380        3382.1390789732477        21.219971932137710        33.910622035702637        32.813380799999997        27.619190424250128     
