   23.587062848295428     
   24.172056205187214     
   24.833761729627401     
   25.570768342257090     
   26.351744423108563     
   27.120490952689686     
   27.840609331925879     
   28.558140058550340     
   29.412720503334402     
   30.548511949639323     
   31.940115965790177     
   33.252552461088321     
   33.997977329764176     
   33.981688312750329     
   33.459402183494205     
   32.843203281960939     
   32.484998030334964     
   32.950406856234594     
   36.693610390164253     
   52.956757251976256     
   74.668380971930915     
   57.970818018800280     
   43.176435783084969     
   37.271411784820586     
   35.091460111699824     
   34.459362663828657     
   34.431734814795050     
   34.633555793733407     
   34.924718072346771     
