   0.0000000000000000        15.000000000000000       0.99783737133030526        4.4565630284768114E-003  -3074.4404934407085       -3300.0748002128203       -15.042287118140775       0.47773116715466363        2.0940768000000007       0.47030860351311066     
   0.0000000000000000        25.000000000000000       0.99720507402069936        4.3334997373923739E-003  -2926.1485856515442       -3291.3668632369095       -14.608731103414597        1.2695584581904347        2.8919807999999989        1.2632808094215995     
   0.0000000000000000        35.000000000000000       0.99684793304745667        4.1702125601972267E-003  -2782.8679197616966       -3274.6454638550626       -14.050786974096166        2.0756597531356396        3.6898848000000011        2.0707568381692929     
   0.0000000000000000        45.000000000000000       0.99661564032982342        4.0367642926037580E-003  -2645.4961591879019       -3249.8557652947488       -13.430213469041037        2.8824476490383555        4.4877887999999997        2.8787358952717788     
   0.0000000000000000        55.000000000000000       0.99645276754780832        3.9325416533593678E-003  -2514.5220037193399       -3217.0039170469986       -12.772398424139256        3.6879618238712508        5.2856927999999979        3.6851999897000134     
   0.0000000000000000        65.000000000000000       0.99633283803889272        3.8509228233008187E-003  -2390.2505940539040       -3176.1033713814541       -12.090042728116158        4.4921752521174048        6.0835968000000005        4.4901551796416150     
   0.0000000000000000        75.000000000000000       0.99624136755934734        3.7863252759380889E-003  -2272.8898303506671       -3127.1658699132231       -11.390347194167415        5.2953562117460278        6.8815008000000013        5.2939106541299745     
   0.0000000000000000        85.000000000000000       0.99616971383962838        3.7348264178972811E-003  -2162.5902025477735       -3070.2004226543149       -10.677767295371073        6.0977613380603337        7.6794047999999995        6.0967530606981795     
   0.0000000000000000        95.000000000000000       0.99611239028273779        3.6939426548513884E-003  -2059.4655939215809       -3005.2137132070466       -9.9552433608996402        6.8995920999792508        8.4773087999999994        6.8988998825548382     
   0.0000000000000000        105.00000000000000       0.99606574482615051        3.6624010692642497E-003  -1963.6051681425993       -2932.2106067161139       -9.2248137007001407        7.7010034805829335        9.2752128000000003        7.7005084134149113     
   0.0000000000000000        115.00000000000000       0.99602725232829048        3.6400092440036359E-003  -1875.0806441213870       -2851.1945207820136       -8.4879467535706681        8.5021192849346825        10.073116800000001        8.5016917734999122     
   0.0000000000000000        125.00000000000000       0.99599510910858036        3.6276103348938916E-003  -1793.9509972907397       -2762.1676511128180       -7.7457332305766240        9.3030450015868240        10.871020799999998        9.3025321439622743     
   0.0000000000000000        135.00000000000000       0.99596798658439445        3.6271029760049679E-003  -1720.2656359353050       -2665.1310825512219       -6.9990033082660510        10.103877522672592        11.668924799999999        10.103090234962213     
   0.0000000000000000        145.00000000000000       0.99594487296759482        3.6415185484703241E-003  -1654.0666290020970       -2560.0848111883270       -6.2484012564567566        10.904712789139179        12.466828800000000        10.903411770497128     
   0.0000000000000000        155.00000000000000       0.99592496563676203        3.6751643169848683E-003  -1595.3903203914019       -2447.0276898520083       -5.4944346416813303        11.705652645617509        13.264732800000001        11.703531883149065     
   0.0000000000000000        165.00000000000000       0.99590759375571469        3.7338573013926679E-003  -1544.2685341623182       -2325.9572952167969       -4.7375076427544167        12.506812108692875        14.062636800000000        12.503478101773270     
   0.0000000000000000        175.00000000000000       0.99589215987542912        3.8252917009185877E-003  -1500.7295012500431       -2196.8697012773800       -3.9779440001562119        13.308328180253950        14.860540799999999        13.303272402183179     
   0.0000000000000000        185.00000000000000       0.99587809457900622        3.9596083185629008E-003  -1464.7985951037751       -2059.7591298216394       -3.2160028903668341        14.110371475149671        15.658444800000000        14.102932632792736     
   0.0000000000000000        195.00000000000000       0.99586482155121825        4.1502919816677301E-003  -1436.4989380206562       -1914.6174275569224       -2.4518896899295703        14.913163035389694        16.456348800000001        14.902473520067996     
   0.0000000000000000        205.00000000000000       0.99585173265827986        4.4157050419268524E-003  -1415.8519258185713       -1761.4332634355223       -1.6857626225217126        15.717003957249039        17.254252800000000        15.701907388427093     
   0.0000000000000000        215.00000000000000       0.99583817405654096        4.7822187754103362E-003  -1402.8777164316555       -1600.1907309435107      -0.91773495121793225        16.522347653179519        18.052156799999999        16.501244683664620     
   0.0000000000000000        225.00000000000000       0.99582344464077377        5.2923472708884117E-003  -1397.5957537314316       -1430.8662018279961      -0.14786865820695330        17.330035604777784        18.850060799999998        17.300494359396591     
   0.0000000000000000        235.00000000000000       0.99580680397181087        6.0307431214033256E-003  -1400.0255210471057       -1253.4188272520123       0.62385827146848205        18.142200887195955        19.647964800000000        18.099664166706599     
   0.0000000000000000        245.00000000000000       0.99578745811881020        7.2201407703278535E-003  -1410.1882337962807       -1067.7550230833403        1.3976865743385316        18.966126199878403        20.445868800000000        18.898760874451842     
   0.0000000000000000        255.00000000000000       0.99576431426389167        9.6292875697862549E-003  -1428.1124975252635       -873.57087697246482        2.1746730217756816        19.833652279216277        21.243772799999999        19.697790439223674     
   0.0000000000000000        265.00000000000000       0.99573410790786143        1.6732519994285683E-002  -1453.8598233453929       -669.47100272672526        2.9599578136553495        20.927874372291168        22.041676800000001        20.496758138263985     
   0.0000000000000000        275.00000000000000       0.99567837985839680        4.8614554161357612E-002  -1487.6760523534529       -446.92297415078616        3.7845566480096973        23.462655710545263        22.839580800000000        21.295668674766841     
   0.0000000000000000        285.00000000000000       0.99552594678770245       0.18072382433793421       -1530.7663274379402       -170.85455470830036        4.7716202551917188        28.974610833784780        23.637484799999996        22.094526262330742     
   0.0000000000000000        295.00000000000000       0.99532980045933050       0.33942792032785640       -1585.1311599172668        132.54508364475220        5.8226313341085394        27.338197815968361        24.435388799999998        22.893334693473822     
   0.0000000000000000        305.00000000000000       0.99517498746399280       0.40657297599728970       -1649.8413489817742        405.83854650513393        6.7399340835636332        26.085880746209412        25.233292799999997        23.692097395820536     
   0.0000000000000000        315.00000000000000       0.99500229545036745       0.43790126118930811       -1723.6264955562656        670.35724221675878        7.5999483738826168        26.118581869788901        26.031196800000000        24.490817478641187     
   0.0000000000000000        325.00000000000000       0.99478290406001624       0.45581635163732237       -1806.0010091933680        936.28447020842077        8.4378014750824271        26.660003366185180        26.829100799999999        25.289497771758860     
   0.0000000000000000        335.00000000000000       0.99428402723745291       0.47452200238227471       -1896.8196982354232        1211.9612197933695        9.2799430388919184        28.499573059638521        27.627004800000002        26.088140858354024     
   0.0000000000000000        345.00000000000000       0.98875612112467626       0.62136295088448312       -1997.1719126160967        1589.6142707731242        10.396481690983249        48.269550465348090        28.424908800000001        26.886749102841414     
   0.0000000000000000        355.00000000000000       0.97823017292153169       0.89609662132433932       -2112.8600622790518        2078.1160497154751        11.805566512660640        34.347030627114862        29.222812799999996        27.685324674730218     
   0.0000000000000000        365.00000000000000       0.97667191521744900       0.92845938255583393       -2240.3352319068686        2398.8935659268095        12.710215884475831        30.694667545436982        30.020716799999995        28.483869569180786     
   0.0000000000000000        375.00000000000000       0.97603646971917968       0.93541732688271195       -2376.5389745940483        2708.3253498162921        13.559638198427574        31.105754340264198        30.818620799999998        29.282385624822101     
   0.0000000000000000        385.00000000000000       0.97557899915631108       0.93909965809266227       -2521.1956681829292        3023.1481619905876        14.400893065385757        31.795462258361692        31.616524800000001        30.080874539279932     
   0.0000000000000000        395.00000000000000       0.97523061384055243       0.94161672231289972       -2674.2429514663213        3345.0405953473251        15.238692523578852        32.542453971136993        32.414428799999996        30.879337882777939     
   0.0000000000000000        405.00000000000000       0.97496091377218375       0.94350826659460973       -2835.6500859815678        3674.4367961752369        16.074288597918038        33.309331224576397        33.212332799999999        31.677777110105708     
   0.0000000000000000        415.00000000000000       0.97474972985169095       0.94499025799346392       -3005.3963581378616        4011.5062500369509        16.908199055842921        34.085656276991784        34.010236799999994        32.476193571194095     
   0.0000000000000000        425.00000000000000       0.97458276231685093       0.94617842176039635       -3183.4656588893763        4356.3367672626873        17.740711590946031        34.867593313851742        34.808140799999997        33.274588520496103     
   0.0000000000000000        435.00000000000000       0.97444969212779931       0.94714682520289029       -3369.8446070354280        4708.9832889596828        18.572018151712896        35.653314510490546        35.606044799999999        34.072963125337758     
   0.0000000000000000        445.00000000000000       0.97434299572648941       0.94794724536103037       -3564.5216949401365        5069.4838441611964        19.402259638429960        36.441752211324676        36.403948800000002        34.871318473376299     
   0.0000000000000000        455.00000000000000       0.97425713186462992       0.94861741060937455       -3767.4868033146695        5437.8660866591154        20.231544813129194        37.232202077190010        37.201852799999998        35.669655579281297     
   0.0000000000000000        465.00000000000000       0.97418797423640768       0.94918541275706536       -3978.7308851716439        5814.1506432916922        21.059960276265237        38.024169531885072        37.999756799999993        36.467975390736406     
   0.0000000000000000        475.00000000000000       0.97413241427783293       0.94967245905388253       -4198.2457444907577        6198.3531382240599        21.887576595189088        38.817296134910734        38.797660799999996        37.266278793844599     
   0.0000000000000000        485.00000000000000       0.97408808220820520       0.95009473393115496       -4426.0238751041325        6590.4855409867969        22.714452404311199        39.611317423853322        39.595564799999998        38.064566618008207     
   0.0000000000000000        495.00000000000000       0.97405315007230575       0.95046470937059846       -4662.0583405971647        6990.5571102076792        23.540637274353220        40.406035895642574        40.393468800000001        38.862839640344419     
