   0.0000000000000000        250.00000000000000       0.99596577462643898        4.9712785374720738E-003  -1704.8836167843908       -1488.1155988435410       0.86707207176339918        20.860227633888460        20.844820799999997        20.818585605309551     
   0.0000000000000000        260.00000000000000       0.99594634522254744        5.4616372114302458E-003  -1717.8044168875247       -1275.4076068154779        1.7015261925847955        21.671964088804948        21.642724800000000        21.617583615634246     
   0.0000000000000000        270.00000000000000       0.99592902259110483        6.1017001811448195E-003  -1739.0652512554304       -1054.5526285045507        2.5352319361143696        22.487050290518972        22.440628799999999        22.416522177878552     
   0.0000000000000000        280.00000000000000       0.99591349211154201        6.9460603807210844E-003  -1768.6604330500379       -825.50121452742997        3.3684257804378848        23.308404206808618        23.238532799999998        23.215405740975967     
   0.0000000000000000        290.00000000000000       0.99589951354805406        8.1474356125905509E-003  -1806.5876928014216       -588.13095961329441        4.2015749420280244        24.149125536071598        24.036436800000001        24.014238300263134     
   0.0000000000000000        300.00000000000000       0.99588684960415730        1.0360024788253467E-002  -1852.8546637406844       -341.94481425654470        5.0363661649471325        25.080739262272790        24.834340800000000        24.813023459444938     
   0.0000000000000000        310.00000000000000       0.99587454849299961        1.7141675172225777E-002  -1907.5151848202888       -84.227399633024305        5.8815735006040786        26.546081763518668        25.632244800000002        25.611764481669169     
   0.0000000000000000        320.00000000000000       0.99585675070525403        4.9949783291078922E-002  -1970.8928001086419        201.94466616577736        6.7901170821075594        31.286739354841906        26.430148799999998        26.410464332031708     
   0.0000000000000000        330.00000000000000       0.99582171166878586       0.17888063442282109       -2044.5976563230076        575.58170578823001        7.9399374609431446        40.572397130755569        27.228052799999997        27.209125713265813     
   0.0000000000000000        340.00000000000000       0.99579517305374721       0.32256998735228970       -2130.8492110586562        977.32347640300100        9.1416843748872285        36.572442253824420        28.025956799999996        28.007751095954276     
   0.0000000000000000        350.00000000000000       0.99576906401273768       0.39958002552539651       -2228.5053610945884        1334.7741779981745        10.180798683122179        33.881824320386428        28.823860799999999        28.806342744297787     
   0.0000000000000000        360.00000000000000       0.99573923870154457       0.44133340176147595       -2336.1699759518947        1667.9146108142477        11.122457185461506        32.197334097916780        29.621764800000001        29.604902738244451     
   0.0000000000000000        370.00000000000000       0.99571285327671444       0.46238441973856315       -2452.9722164093150        1989.0113619931531        12.005361022709373        31.844312180734171        30.419668800000000        30.403432992614245     
   0.0000000000000000        380.00000000000000       0.99568155229745914       0.47635520013400567       -2578.4897843464619        2311.3347516651097        12.867959305293610        32.561055441870863        31.217572799999999        31.201935273721574     
   0.0000000000000000        390.00000000000000       0.99545626158915179       0.50610933588036877       -2712.7515414793716        2659.5809694465415        13.775211566476701        39.271329004482084        32.015476799999995        32.000411213899284     
   0.0000000000000000        400.00000000000000       0.99206569794679311       0.75044244394894077       -2858.6761029927870        3259.9199557565557        15.296490146873357        70.329197427658784        32.813380799999997        32.798862324250130     
   0.0000000000000000        410.00000000000000       0.98853514277014476       0.91733120378607458       -3021.0852980994091        3785.5571107395349        16.601566850826693        38.136698576661679        33.611284800000000        33.597290005891281     
   0.0000000000000000        420.00000000000000       0.98710766646509307       0.93541014088962093       -3193.8072637283358        4148.6113122516081        17.481948990428435        35.464733371434775        34.409188800000003        34.395695559909939     
   0.0000000000000000        430.00000000000000       0.98594429543524287       0.94110602169059809       -3375.0567085703169        4504.7382096259889        18.325104460921640        35.790973560969633        35.207092799999998        35.194080196210500     
   0.0000000000000000        440.00000000000000       0.98490626399899250       0.94441022538478014       -3564.6468245468513        4865.8266977113190        19.160167096041295        36.423137518954881        36.004996799999994        35.992445041403343     
   0.0000000000000000        450.00000000000000       0.98398000289373044       0.94670790228370583       -3762.5209777659238        5233.5885570114087        19.991354521727409        37.129536505395727        36.802900800000003        36.790791145861348     
   0.0000000000000000        460.00000000000000       0.98315805502930753       0.94841452021607531       -3968.6484007866129        5608.5345780967746        20.819962997572581        37.864888555891781        37.600804799999999        37.589119490049953     
   0.0000000000000000        470.00000000000000       0.98243133316465125       0.94971990387461114       -4183.0078323326779        5990.8960596555271        21.646604025506818        38.616012721291192        38.398708800000001        38.387430990221176     
   0.0000000000000000        480.00000000000000       0.98178969276100214       0.95073591041695904       -4405.5830169314431        6380.8109945044662        22.471654190491474        39.377599056433596        39.196612799999997        39.185726503548032     
   0.0000000000000000        490.00000000000000       0.98122298859216539       0.95153741756462062       -4636.3609338690858        6778.3745055527561        23.295378447799678        40.146784816776773        39.994516800000000        39.984006832765218     
   0.0000000000000000        500.00000000000000       0.98072173600591006       0.95217746310830442       -4875.3308644453318        7183.6564793423031        24.117974687575270        40.921708052051422        40.792420800000002        40.782272730372668     
