  
   0.0000000000000000        300.00000000000000       0.99993783548467008       0.60210782949999975       -109.80227794369969        386.43920841425432        1.6541382878598470        24.189973514796353        24.834340800000000        19.633351559444943     
   0.0000000000000000        305.00000000000000       0.99993685654019338       0.61759751910049421       -119.08020544257303        508.26702459781302        2.0568761640668396        24.536284014262673        25.233292799999997        20.032727395820530     
   0.0000000000000000        310.00000000000000       0.99992940376884076       0.63134830877435955       -130.36922009202681        631.77833495073469        2.4585405001379401        24.868744239852859        25.632244800000002        20.432092581669167     
   0.0000000000000000        315.00000000000000       0.99991459157144569       0.64359038215934028       -143.66393451604975        756.98975373166127        2.8592180579292412        25.222321489744509        26.031196800000000        20.831447478641188     
   0.0000000000000000        320.00000000000000       0.99988798100783027       0.65477681038545643       -158.96079838998966        884.09568919257515        3.2595515236955150        25.632489071053715        26.430148799999998        21.230792432031713     
   0.0000000000000000        325.00000000000000       0.99983444561824775       0.66553109154297763       -176.26081448190592        1013.4752666633231        3.6607264035237814        26.139839312553381        26.829100799999999        21.630127771758861     
   0.0000000000000000        330.00000000000000       0.99969832960870653       0.67665478168971005       -195.57258391465086        1145.7639854488245        4.0646562707984106        26.811187455367797        27.228052799999997        22.029453813265810     
   0.0000000000000000        335.00000000000000       0.99926297912828310       0.68919617560342195       -216.91725023093653        1282.0711569203888        4.4745922601532095        27.776660779417043        27.627004800000002        22.428770858354021     
   0.0000000000000000        340.00000000000000       0.99769619069059801       0.70434270375196339       -240.33792363348766        1424.4097491419288        4.8963166846335779        29.273621109385957        28.025956799999996        22.828079195954277     
   0.0000000000000000        345.00000000000000       0.99207207114480422       0.72222316027194300       -265.91610365497650        1576.2446195651623        5.3395962991888082        31.628151585902216        28.424908800000001        23.227379102841414     
   0.0000000000000000        350.00000000000000       0.97390740210512905       0.73771699175506411       -293.79187549535868        1742.3507375042825        5.8175503228561176        34.944028905606146        28.823860799999999        23.626670844297788     
   0.0000000000000000        355.00000000000000       0.92626674954750476       0.73420651123877678       -324.16401804007307        1925.8902594444419        6.3381810633366626        38.335144207546918        29.222812799999996        24.025954674730215     
   0.0000000000000000        360.00000000000000       0.83402275462168241       0.68960454173898500       -357.22436110958739        2122.5864600848172        6.8883633922066787        39.902187877689670        29.621764800000001        24.425230838244453     
   0.0000000000000000        365.00000000000000       0.70819178831045693       0.60401351592909991       -393.04022303012039        2320.5188505315214        7.4344084207168279        38.921385215589993        30.020716799999995        24.824499569180791     
   0.0000000000000000        370.00000000000000       0.58367639028273710       0.50696663178130252       -431.51559748413047        2509.8384314888044        7.9496054837106351        36.755665982772136        30.419668800000000        25.223761092614247     
   0.0000000000000000        375.00000000000000       0.48678364224588738       0.42647668893751606       -472.47649379878663        2688.5259812970321        8.4293399335888495        34.822630752353582        30.818620799999998        25.623015624822106     
   0.0000000000000000        380.00000000000000       0.42213657177802150       0.37100904925351796       -515.76322598955721        2859.2572460567162        8.8816328211744047        33.588002448354750        31.217572799999999        26.022263373721572     
   0.0000000000000000        385.00000000000000       0.38257648505333303       0.33645925867432375       -561.26332021585495        3025.4465434929079        9.3161295161266544        32.974808580217733        31.616524800000001        26.421504539279937     
   0.0000000000000000        390.00000000000000       0.35932958186859881       0.31593691750416625       -608.90702377489242        3189.7070153451650        9.7400359977437372        32.784176240056567        32.015476799999995        26.820739313899278     
   0.0000000000000000        395.00000000000000       0.34580380642792108       0.30390840043206802       -658.65369530311511        3353.7123963391546        10.157888839600682        32.850008190199361        32.414428799999996        27.219967882777937     
   0.0000000000000000        400.00000000000000       0.33784041443868695       0.29678759453364933       -710.48028261858099        3518.4502284922205        10.572326277777004        33.063192967061951        32.813380799999997        27.619190424250128     
   0.0000000000000000        405.00000000000000       0.33301321894695163       0.29245319441288414       -764.37376193343187        3684.4802387914024        10.984824693147738        33.358839715817027        33.212332799999999        28.018407110105706     
   0.0000000000000000        410.00000000000000       0.32995587852058528       0.28970032204272467       -820.32667112387958        3852.1138128859684        11.396196302463045        33.700126507181324        33.611284800000000        28.417618105891282     
   0.0000000000000000        415.00000000000000       0.32790913477606726       0.28785529642776914       -878.33459878004749        4021.5230119630496        11.806885809019510        34.066612685880322        34.010236799999994        28.816823571194096     
   0.0000000000000000        420.00000000000000       0.32645152920058818       0.28654223247145200       -938.39480522054419        4192.8029230600387        12.217137448287103        34.447050799140449        34.409188800000003        29.216023659909943     
