   0.0000000000000000        5.0000000000000000       0.31086697924518591       0.27409949452098120       -3088.4730723140037       -3212.8071560725280       -24.866816751704864        1.2961764462588756        1.2961728000000021       -3.8620343970849880     
   0.0000000000000000        7.5000000000000000       0.31086760677539554       0.27409999257983941       -3027.0407656199550       -3209.3173503351354       -24.303544628690716        1.4956721445412569        1.4956487999999999       -3.7242008688661774     
   0.0000000000000000        10.000000000000000       0.31086226922917226       0.27409261735912410       -2966.8693534440417       -3205.3287792275610       -23.845942578351959        1.6951871673666938        1.6951248000000014       -3.5590622133303729     
   0.0000000000000000        12.500000000000000       0.31085053516682043       0.27407630454001980       -2907.7634254352251       -3200.8414054490358       -23.446238401104839        1.8947131935829788        1.8946007999999990       -3.3784992306207124     
   0.0000000000000000        15.000000000000000       0.31083433541720978       0.27405287343943663       -2849.6078934008478       -3195.8552080262612       -23.083154308360886        2.0942456036489840        2.0940768000000007       -3.1890613964868875     
   0.0000000000000000        17.500000000000000       0.31081544799404698       0.27402419424214525       -2792.3267137853122       -3190.3701732871159       -22.745340542960211        2.2937831030937712        2.2935528000000023       -2.9943943047344774     
   0.0000000000000000        20.000000000000000       0.31079485415006469       0.27399135905606470       -2735.8658412785553       -3184.3862864098437       -22.426022256564412        2.4933281223143466        2.4930287999999998       -2.7965952789221968     
   0.0000000000000000        22.500000000000000       0.31077304086372820       0.27395490912723941       -2680.1848687423176       -3177.9035189847787       -22.120828899664946        2.6928901927863675        2.6925048000000014       -2.5969082045326082     
   0.0000000000000000        25.000000000000000       0.31075006346048367       0.27391480812017982       -2625.2524373693609       -3170.9217963281735       -21.826774358352509        2.8925012770154912        2.8919807999999989       -2.3960891905783988     
   0.0000000000000000        27.500000000000000       0.31072413846573138       0.27386874816907208       -2571.0435089971056       -3163.4408941698221       -21.541723097189696        3.0922588357126037        3.0914568000000004       -2.1946065001868647     
   0.0000000000000000        30.000000000000000       0.31068725627179106       0.27380702642422766       -2517.5376541452442       -3155.4601986470507       -21.264084816726871        3.2923857357181414        3.2909328000000020       -1.9927538995752299     
   0.0000000000000000        32.500000000000000       0.31061759024026359       0.27370371878795274       -2464.7179401458475       -3146.9783572373708       -20.992628218200721        3.4932445259306495        3.4904088000000000       -1.7907169995540106     
   0.0000000000000000        35.000000000000000       0.31047166285290623       0.27350758022603344       -2412.5701887538830       -3137.9930210841162       -20.726366638006663        3.6952446185087271        3.6898848000000011       -1.5886131618307013     
   0.0000000000000000        37.500000000000000       0.31018162389273846       0.27313889311346323       -2361.0824542582900       -3128.5009483484268       -20.464493175736980        3.8986562905145710        3.8893607999999991       -1.3865160707539128     
   0.0000000000000000        40.000000000000000       0.30966203943829484       0.27249738280272667       -2310.2446184590367       -3118.4985994194772       -20.206349524011010        4.1034217138245372        4.0888368000000002       -1.1844711656591755     
   0.0000000000000000        42.500000000000000       0.30882653586323539       0.27148160701021762       -2260.0480374830927       -3107.9830950534301       -19.951413119302060        4.3090689557943529        4.2883127999999981      -0.98250549629224382     
   0.0000000000000000        45.000000000000000       0.30760970207301674       0.27001447318186800       -2210.4852129542965       -3096.9531904810492       -19.699288389483392        4.5147890925232952        4.4877887999999997      -0.78063410472822203     
   0.0000000000000000        47.500000000000000       0.30598639214466378       0.26806573701768299       -2161.5494909975710       -3085.4098646208577       -19.449692076279725        4.7196565803602617        4.6872648000000012      -0.57886420502233871     
   0.0000000000000000        50.000000000000000       0.30398095955528648       0.26566278471293092       -2113.2348096062565       -3073.3562727981216       -19.202429263837306        4.9228981263036005        4.8867407999999992      -0.37719794487505454     
   0.0000000000000000        52.500000000000000       0.30166318255134006       0.26288592302579478       -2065.5355146818101       -3060.7970927740630       -18.957363392233393        5.1240912386254491        5.0862168000000008      -0.17563424206823400     
   0.0000000000000000        55.000000000000000       0.29913339344504053       0.25985109911154525       -2018.4462514267232       -3047.7375467124530       -18.714387187013266        5.3232193590253765        5.2856927999999979        2.5829989700015772E-002
   0.0000000000000000        57.500000000000000       0.29650318817546756       0.25668746982489887       -1971.9619204399687       -3034.1824639592924       -18.473400756857803        5.5205917670483364        5.4851687999999994       0.22719902180436458     
   0.0000000000000000        60.000000000000000       0.29387823998513435       0.25351741193072730       -1926.0776764200014       -3020.1356464440105       -18.234299500400152        5.7166947638457133        5.6846447999999992       0.42847776484976924     
   0.0000000000000000        62.500000000000000       0.29134706773086505       0.25044345324610323       -1880.7889457251129       -3005.5996138363021       -17.996970689779026        5.9120469001681615        5.8841208000000007       0.62967140735961979     
   0.0000000000000000        65.000000000000000       0.28897637719147168       0.24754284358611334       -1836.0914448442807       -2990.5756573501303       -17.761295577013076        6.1071007057745348        6.0835968000000005       0.83078517964161491     
   0.0000000000000000        67.500000000000000       0.28681147371701848       0.24486801814651335       -1791.9811901542023       -2975.0640706021859       -17.527153784414576        6.3021982596754631        6.2830728000000002        1.0318242027570383     
   0.0000000000000000        70.000000000000000       0.28487958917995465       0.24245044429337867       -1748.4544963174783       -2959.0644372171096       -17.294427727137588        6.4975671750813770        6.4825488000000000        1.2327933953461168     
   0.0000000000000000        72.500000000000000       0.28319428284730802       0.24030571186080779       -1705.5079648352169       -2942.5758973533480       -17.063005965767328        6.6933385776962711        6.6820247999999998        1.4336974196780130     
   0.0000000000000000        75.000000000000000       0.28175973716830327       0.23843849671430375       -1663.1384658923873       -2925.5973576120691       -16.832785222929090        6.8895725025551844        6.8815008000000013        1.6345406541299778     
   0.0000000000000000        77.500000000000000       0.28057437803111257       0.23684673494161448       -1621.3431166741641       -2908.1276376201240       -16.603671238012385        7.0862822111713051        7.0809768000000002        1.8353271832830380     
   0.0000000000000000        80.000000000000000       0.27963366255819178       0.23552482520734724       -1580.1192586646139       -2890.1655612682257       -16.375578782545151        7.2834538622300524        7.2804527999999999        2.0360607995562026     
   0.0000000000000000        82.500000000000000       0.27893210342500557       0.23446593826202095       -1539.4644356243957       -2871.7100053702825       -16.148431148434991        7.4810609687238809        7.4799287999999997        2.2367450121898225     
   0.0000000000000000        85.000000000000000       0.27846469710224236       0.23366362501010546       -1499.3763732489085       -2852.7599178281293       -15.922159347990835        7.6790745610973179        7.6794047999999995        2.4373830606981803     
   0.0000000000000000        87.500000000000000       0.27822795736672629       0.23311295026588408       -1459.8529610189066       -2833.3143141130231       -15.696701178218474        7.8774706920165620        7.8788808000000010        2.6379779308222844     
   0.0000000000000000        90.000000000000000       0.27822078023332375       0.23281139981985083       -1420.8922364813895       -2813.3722559089806       -15.472000215862122        8.0762377259549698        8.0783567999999999        2.8385323716491895     
   0.0000000000000000        92.500000000000000       0.27844544975851010       0.23275988343742865       -1382.4923721560674       -2792.9328071668242       -15.248004702818996        8.2753883811963806        8.2778328000000005        3.0390489130071332     
   0.0000000000000000        95.000000000000000       0.27890939583599628       0.23296444064854446       -1344.6516656002502       -2771.9949408092343       -15.024666054831412        8.4749914467137000        8.4773087999999994        3.2395298825548431     
   0.0000000000000000        97.500000000000000       0.27962941630508370       0.23344029728748253       -1307.3685345827914       -2750.5572903013913       -14.801935956088203        8.6752825479197710        8.6767848000000001        3.4399774221981465     
   0.0000000000000000        100.00000000000000       0.28064457524176828       0.23422412614198093       -1270.6415250979846       -2728.6172853556941       -14.579757602577093        8.8771382054523347        8.8762607999999990        3.6403935036158490     
   0.0000000000000000        102.50000000000000       0.28206493733655108       0.23541964248074440       -1234.4693668537197       -2706.1673884387064       -14.358029478877921        9.0844172277289754        9.0757367999999996        3.8407799427787173     
   0.0000000000000000        105.00000000000000       0.28428858869217599       0.23739717548812317       -1198.8512480625857       -2683.1763584737382       -14.136429622963357        9.3162354327466979        9.2752128000000003        4.0411384134149095     
   0.0000000000000000        107.50000000000000       0.28904542666149613       0.24173929400381092       -1163.7881881883497       -2659.4927594783558       -13.913530895720983        9.6697010370016159        9.4746887999999991        4.2414704594213193     
   0.0000000000000000        110.00000000000000       0.30427016266511336       0.25559994909866457       -1129.2897745967693       -2634.3770279177274       -13.682611393826891        10.602509648440341        9.6741647999999998        4.4417775062500793     
   0.0000000000000000        112.50000000000000       0.36229349877911504       0.30772015303633266       -1095.4034778426817       -2604.6892350216312       -13.415873397146218        13.739257590885511        9.8736407999999987        4.6420608713183311     
   0.0000000000000000        115.00000000000000       0.53927937408578952       0.46364352912787871       -1062.2992649149114       -2562.2939964016336       -13.043432447710630        20.535339200511281        10.073116800000001        4.8423217734999122     
   0.0000000000000000        117.50000000000000       0.80640971021980445       0.68410839916838362       -1030.2966521301248       -2504.2302133626449       -12.544115414744853        25.176848244171758        10.272592800000000        5.0425613417628785     
   0.0000000000000000        120.00000000000000       0.95959750570637614       0.75952334849104075       -999.62769116646029       -2437.7586012800211       -11.984424250946338        27.340296963406463        10.472068799999999        5.2427806230186533     
   0.0000000000000000        122.50000000000000       0.99494856111046381       0.70897152392832630       -970.33535428666301       -2375.9998812746421       -11.474812465207995        20.802677751268391        10.671544799999999        5.4429805892474139     
   0.0000000000000000        125.00000000000000       0.99916334808858520       0.65861782747558806       -942.11378629807552       -2332.5578934703217       -11.123552857377970        14.889234987946372        10.871020799999998        5.6431621439622726     
   0.0000000000000000        127.50000000000000       0.99973283800901758       0.62208876997242724       -914.65506503308211       -2298.0352856464019       -10.850040945986823        13.100580830866953        11.070496800000001        5.8433261280712925     
   0.0000000000000000        130.00000000000000       0.99988010448948628       0.59071974843528463       -887.84241973412497       -2266.2657725670888       -10.603256560253570        12.351622333514323        11.269972800000000        6.0434733251926005     
   0.0000000000000000        132.50000000000000       0.99993013169104328       0.56381805585208222       -861.62380867742297       -2236.2514461469809       -10.374548207317417        11.664838702947666        11.469448800000000        6.2436044664737178     
   0.0000000000000000        135.00000000000000       0.99993845616194688       0.54196590772177400       -835.95612141995298       -2207.8205348125930       -10.161958617723259        11.125002413220246        11.668924799999999        6.4437202349622114     
   0.0000000000000000        137.50000000000000       0.99991348976835870       0.52371146163027327       -810.80502473487047       -2180.3118335791542       -9.9600495188675175        10.960226327172748        11.868400799999998        6.6438212695706449     
   0.0000000000000000        140.00000000000000       0.99983798702795890       0.50533321827880884       -786.15421512894079       -2152.5622926875858       -9.7600576968474648        11.342571938393402        12.067876800000001        6.8439081686749255     
   0.0000000000000000        142.50000000000000       0.99966686032221141       0.48097679779307345       -762.01213309988771       -2123.0596367210383       -9.5512105517273707        12.360671427995822        12.267352799999999        7.0439814933817351     
   0.0000000000000000        145.00000000000000       0.99933705266848394       0.44405537972487680       -738.41347901754102       -2090.4457940550265       -9.3243607933619685        13.726312642649168        12.466828800000000        7.2440417704971258     
   0.0000000000000000        147.50000000000000       0.99882735903037068       0.39292801119132470       -715.40417229241484       -2054.9338496851487       -9.0815571348659923        14.489490420708471        12.666304799999999        7.4440894952253798     
   0.0000000000000000        150.00000000000000       0.99822764325272972       0.33632969421963133       -693.00387355472753       -2019.1468340561789       -8.8409530700096752        13.930746956375168        12.865780800000000        7.6441251336244012     
   0.0000000000000000        152.50000000000000       0.99767992988024545       0.28665604244410220       -671.18147725008942       -1985.9228512490643       -8.6212549114686876        12.609536338724840        13.065256800000000        7.8441491248412456     
   0.0000000000000000        155.00000000000000       0.99725753358986979       0.24921911053616186       -649.87662558747422       -1955.9662858174515       -8.4263849047095309        11.422011031973536        13.264732800000001        8.0441618831490640     
   0.0000000000000000        157.50000000000000       0.99695534885402648       0.22246783007045948       -629.03399540209807       -1928.4381753819491       -8.2501852697133415        10.671744454219459        13.464208800000000        8.2441637998047241     
   0.0000000000000000        160.00000000000000       0.99674188051858181       0.20306430028772818       -608.61610821769068       -1902.3093213008078       -8.0855825817694811        10.278552693667560        13.663684799999999        8.4441552447441399     
   0.0000000000000000        162.50000000000000       0.99658894823168298       0.18838206719610925       -588.60047813176209       -1876.8636486674286       -7.9277733571425628        10.105220742747553        13.863160799999999        8.6441365681311115     
   0.0000000000000000        165.00000000000000       0.99647734531509258       0.17679354578331730       -568.97393057481577       -1851.6800327976002       -7.7739763771077852        10.057122893521360        14.062636800000000        8.8441081017732710     
   0.0000000000000000        167.50000000000000       0.99639482949597624       0.16735982562940419       -549.72857422597917       -1826.5185102001476       -7.6226264834278705        10.081261156613984        14.262112800000001        9.0440701604180251     
   0.0000000000000000        170.00000000000000       0.99633354188428980       0.15953839423638344       -530.85952954968730       -1801.2371839363470       -7.4728097316862350        10.149667457604796        14.461588799999999        9.2440230429395260     
   0.0000000000000000        172.50000000000000       0.99628826392437464       0.15300232247156390       -512.36372954299861       -1775.7458077067895       -7.3239540763118303        10.247520918881143        14.661064800000000        9.4439670334269437     
   0.0000000000000000        175.00000000000000       0.99625539621937864       0.14754143449896490       -494.23928370004660       -1749.9819492681092       -7.1756723746746429        10.366636206939809        14.860540799999999        9.6439024021831781     
   0.0000000000000000        177.50000000000000       0.99623237553261579       0.14301055283239417       -476.48512526690791       -1723.8989775875045       -7.0276836750456155        10.502185784900062        15.060016800000000        9.8438294066422944     
   0.0000000000000000        180.00000000000000       0.99621733466187912       0.13930266965389138       -459.10080162345980       -1697.4599137327887       -6.8797728450518267        10.651094073061067        15.259492799999999        10.043748292212918     
   0.0000000000000000        182.50000000000000       0.99620889540657698       0.13633493160657045       -442.08633956430793       -1670.6341477663339       -6.7317688120658961        10.811252263732305        15.458968799999999        10.243659293054568     
   0.0000000000000000        185.00000000000000       0.99620603632768867       0.13404114519786300       -425.44215222256992       -1643.3955637668851       -6.5835319542935959        10.981129122168188        15.658444800000000        10.443562632792736     
   0.0000000000000000        187.50000000000000       0.99620800440370227       0.13236759470171811       -409.16897108545157       -1615.7213709997238       -6.4349461328761182        11.159572273732515        15.857920799999999        10.643458525178273     
   0.0000000000000000        190.00000000000000       0.99621425377473805       0.13127054949098002       -393.26779452693904       -1587.5913030999639       -6.2859132030159204        11.345701514223130        16.057396799999999        10.843347174695973     
   0.0000000000000000        192.50000000000000       0.99622440203697848       0.13071464343757658       -377.73984813021889       -1558.9870211907660       -6.1363489509638809        11.538847104309037        16.256872799999996        11.043228777126831     
   0.0000000000000000        195.00000000000000       0.99623819839753180       0.13067171668024674       -362.58655396885081       -1529.8916399660704       -5.9861799281908699        11.738510600533109        16.456348800000001        11.243103520067997     
   0.0000000000000000        197.50000000000000       0.99625550011750152       0.13111991557088759       -347.80950698771926       -1500.2893354137493       -5.8353409034229369        11.944337519296008        16.655824799999998        11.442971583413996     
   0.0000000000000000        200.00000000000000       0.99627625489288862       0.13204294997626942       -333.41045715544345       -1470.1650117452155       -5.6837727729488590        12.156096743025579        16.855300799999998        11.642833139802644     
   0.0000000000000000        202.50000000000000       0.99630048756474809       0.13342945947984922       -319.39129637739074       -1439.5040140361427       -5.5314208279444541        12.373664288715187        17.054776799999999        11.842688355028583     
   0.0000000000000000        205.00000000000000       0.99632829002574774       0.13527246768872186       -305.75404937158709       -1408.2918771384143       -5.3782333061796450        12.597010431090743        17.254252800000000        12.042537388427093     
   0.0000000000000000        207.50000000000000       0.99635981351395975       0.13756892044274302       -292.50086787247830       -1376.5141028740343       -5.2241601686821975        12.826189972021242        17.453728800000000        12.242380393230762     
   0.0000000000000000        210.00000000000000       0.99639526272264956       0.14031931647044033       -279.63402766970216       -1344.1559572634158       -5.0691520456843504        13.061336061143697        17.653204800000001        12.442217516901149     
   0.0000000000000000        212.50000000000000       0.99643489134735785       0.14352745194169036       -267.15592813149505       -1311.2022777532316       -4.9131592923375829        13.302658608293660        17.852680799999998        12.642048901437535     
   0.0000000000000000        215.00000000000000       0.99647899886750713       0.14720031582256682       -255.06909402397881       -1277.6372768693725       -4.7561310830018311        13.550449111333586        18.052156799999999        12.841874683664624     
   0.0000000000000000        217.50000000000000       0.99652792853935090       0.15134819247813350       -243.37617963955520       -1243.4443229497699       -4.5980144520009869        13.805094735877644        18.251632799999999        13.041694995500754     
   0.0000000000000000        220.00000000000000       0.99658206677443029       0.15598505249194952       -232.07997551557560       -1208.6056699683486       -4.4387531566035134        14.067105772558341        18.451108800000000        13.241509964208358     
   0.0000000000000000        222.50000000000000       0.99664184429724645       0.16112934222079051       -221.18341838875347       -1173.1020962552557       -4.2782861926584372        14.337162148278432        18.650584799999997        13.441319712627889     
   0.0000000000000000        225.00000000000000       0.99670773970399695       0.16680531562854697       -210.68960552616747       -1136.9123956368039       -4.1165457338250508        14.616186336949347        18.850060799999998        13.641124359396596     
   0.0000000000000000        227.50000000000000       0.99678028623420400       0.17304508375132166       -200.60181523396830       -1100.0126443037161       -3.9534541937131769        14.905451390103048        19.049536800000002        13.840924019153260     
   0.0000000000000000        230.00000000000000       0.99686008261175507       0.17989157701998174       -190.92353619107763       -1062.3751443359963       -3.7889200354126897        15.206732942337227        19.249012799999999        14.040718802729980     
   0.0000000000000000        232.50000000000000       0.99694780850185816       0.18740260184804877       -181.65850927081812       -1023.9669255251627       -3.6228318978681480        15.522510996013711        19.448488800000000        14.240508817332051     
   0.0000000000000000        235.00000000000000       0.99704424409570114       0.19565608448118962       -172.81078659370320       -984.74768304715474       -3.4550506232061768        15.856217372070365        19.647964800000000        14.440294166706600     
   0.0000000000000000        237.50000000000000       0.99715029097935548       0.20475636059024341       -164.38481341698497       -944.66706413583597       -3.2853989503951619        16.212501544728383        19.847440799999998        14.640074951301139     
   0.0000000000000000        240.00000000000000       0.99726698692045079       0.21484087436131583       -156.38553849861839       -903.66133682494660       -3.1136491596930336        16.597441396406900        20.046916800000002        14.839851268412483     
   0.0000000000000000        242.50000000000000       0.99739549956006401       0.22608573881578181       -148.81855661680802       -861.64975027143623       -2.9395100769263025        17.018544543230082        20.246392799999999        15.039623212326847     
   0.0000000000000000        245.00000000000000       0.99753707276812309       0.23870712452077392       -141.69028104781901       -818.53142568035776       -2.7626169168675050        17.484264834943751        20.445868800000000        15.239390874451846     
   0.0000000000000000        247.50000000000000       0.99769288621028229       0.25295339313061577       -135.00813128402510       -774.18447973110040       -2.5825307007962639        18.002621557712668        20.645344799999997        15.439154343440707     
   0.0000000000000000        250.00000000000000       0.99786378015027266       0.26908081659712257       -128.78069938863456       -728.47021565929469       -2.3987580650826401        18.578455817825859        20.844820799999997        15.638913705309555     
   0.0000000000000000        252.50000000000000       0.99804980912744889       0.28730529880556582       -123.01782702623642       -681.24615426156686       -2.2108052563775469        19.209118515827775        21.044296800000001        15.838669043548007     
   0.0000000000000000        255.00000000000000       0.99824964394430149       0.30772696218659812       -117.73049224144756       -632.39123315520794       -2.0182774153480798        19.879280249414155        21.243772799999999        16.038420439223668     
   0.0000000000000000        257.50000000000000       0.99845995898104856       0.33023739737198893       -112.93039280654610       -581.84286201871316       -1.8210192979113282        20.557177425565897        21.443248799999999        16.238167971080912     
   0.0000000000000000        260.00000000000000       0.99867509316677716       0.35444027414112228       -108.62915758465715       -529.63763923070405       -1.6192633909463345        21.196123084399879        21.642724800000000        16.437911715634243     
   0.0000000000000000        262.50000000000000       0.99888734368953358       0.37963343390750198       -104.83724652062442       -475.93813589014883       -1.4137176737886643        21.744392897056077        21.842200800000001        16.637651747256776     
   0.0000000000000000        265.00000000000000       0.99908808176834962       0.40489266163847615       -101.56278628018633       -421.02543165314484       -1.2055194165017302        22.161906362426233        22.041676800000001        16.837388138263979     
   0.0000000000000000        267.50000000000000       0.99926944614018143       0.42925143989173248       -98.810721688315326       -365.24929619890594      -0.99603205424519858        22.435710943842071        22.241152799999998        17.037120958993121     
   0.0000000000000000        270.00000000000000       0.99942594737103807       0.45191052328384318       -96.582610602714269       -308.95157609410381      -0.78655172404218332        22.584667388419078        22.440628799999999        17.236850277878553     
   0.0000000000000000        272.50000000000000       0.99955529760394357       0.47238701930046317       -94.877135473785060       -252.39545865022595      -0.57804889239060864        22.650425983710015        22.640104799999996        17.436576161523266     
   0.0000000000000000        275.00000000000000       0.99965822851443342       0.49054962084494874       -93.691104945952105       -195.72849598085088      -0.37104505830872286        22.681026680503308        22.839580800000000        17.636298674766842     
   0.0000000000000000        277.50000000000000       0.99973759414099106       0.50655180301836411       -93.020569214957874       -138.98577621334852      -0.16564038557978608        22.716558459893804        23.039056800000001        17.836017880749974     
   0.0000000000000000        280.00000000000000       0.99979727873543156       0.52071602027702135       -92.861730824796510       -82.120225278159666        3.8362519809417336E-002   22.782147489025814        23.238532799999998        18.035733840975965     
   0.0000000000000000        282.50000000000000       0.99984130584838793       0.53342119526623111       -93.211502124883964       -25.041290947690989       0.24131048204316102        22.887850945859913        23.438008799999999        18.235446615369188     
   0.0000000000000000        285.00000000000000       0.99987329511651901       0.54502178673853940       -94.067716408402489        32.351519616212912       0.44357626675303652        23.032317803525984        23.637484799999996        18.435156262330743     
   0.0000000000000000        287.50000000000000       0.99989622960684943       0.55580354004537957       -95.429082834472155        90.145855323486515       0.64547804576681278        23.207362415896764        23.836960800000000        18.634862838791594     
   0.0000000000000000        290.00000000000000       0.99991242720290840       0.56596878100582315       -97.294993004278339        148.40460207587378       0.84723998303500725        23.401937382602480        24.036436800000001        18.834566400263139     
   0.0000000000000000        292.50000000000000       0.99992361548347686       0.57564114914656461       -99.665270478545921        207.16259907450529        1.0489841694121409        23.605048595169258        24.235912799999998        19.034267000885539     
   0.0000000000000000        295.00000000000000       0.99993104202327632       0.58488105919245448       -102.53992807887090        266.42932679165420        1.2507432368492375        23.807638651191816        24.435388799999998        19.233964693473826     
   0.0000000000000000        297.50000000000000       0.99993558318214437       0.59370550904319963       -105.91897284705594        326.19516589885893        1.4524844999862685        24.003586044878169        24.634864799999995        19.433659529561957     
   0.0000000000000000        300.00000000000000       0.99993783548467008       0.60210782949999975       -109.80227794369969        386.43920841425432        1.6541382878598470        24.189973514796353        24.834340800000000        19.633351559444943     
   0.0000000000000000        302.50000000000000       0.99993818517960875       0.61007450704983002       -114.18952459452873        447.13699676678453        1.8556248640043413        24.366792468340318        25.033816800000000        19.833040832219076     
   0.0000000000000000        305.00000000000000       0.99993685654019338       0.61759751910049421       -119.08020544257303        508.26702459781302        2.0568761640668396        24.536284014262673        25.233292799999997        20.032727395820530     
   0.0000000000000000        307.50000000000000       0.99993394050865769       0.62468178832864230       -124.47367367261371        569.81536595103614        2.2578505353614626        24.702137094342927        25.432768799999998        20.232411297062228     
   0.0000000000000000        310.00000000000000       0.99992940376884076       0.63134830877435955       -130.36922009202681        631.77833495073469        2.4585405001379401        24.868744239852859        25.632244800000002        20.432092581669167     
   0.0000000000000000        312.50000000000000       0.99992307431102223       0.63763410150831490       -136.76616227281019        694.16351348965645        2.6589749624398933        25.040658156276894        25.831720799999999        20.631771294312340     
   0.0000000000000000        315.00000000000000       0.99991459157144569       0.64359038215934028       -143.66393451604975        756.98975373166127        2.8592180579292412        25.222321489744509        26.031196800000000        20.831447478641188     
   0.0000000000000000        317.50000000000000       0.99990329347217266       0.64928023434326099       -151.06217325731961        820.28686555565287        3.0593670513794406        25.418083850865518        26.230672799999997        21.031121177314780     
   0.0000000000000000        320.00000000000000       0.99988798100783027       0.65477681038545643       -158.96079838998966        884.09568919257515        3.2595515236955150        25.632489071053715        26.430148799999998        21.230792432031713     
   0.0000000000000000        322.50000000000000       0.99986643689339871       0.66016274183566059       -167.36009623494874        948.46920127345993        3.4599358062276240        25.870812095085409        26.629624799999998        21.430461283558834     
   0.0000000000000000        325.00000000000000       0.99983444561824775       0.66553109154297763       -176.26081448190592        1013.4752666633231        3.6607264035237814        26.139839312553381        26.829100799999999        21.630127771758861     
   0.0000000000000000        327.50000000000000       0.99978380587473548       0.67098777678140020       -185.66428366236380        1079.2016560861659        3.8621860755680295        26.448903722115787        27.028576800000000        21.829791935616868     
   0.0000000000000000        330.00000000000000       0.99969832960870653       0.67665478168971005       -195.57258391465086        1145.7639854488245        4.0646562707984106        26.811187455367797        27.228052799999997        22.029453813265810     
   0.0000000000000000        332.50000000000000       0.99954589432086816       0.68267234722246772       -205.98877994448895        1213.3172210057928        4.2685894765422008        27.245258364646155        27.427528800000001        22.229113442011066     
   0.0000000000000000        335.00000000000000       0.99926297912828310       0.68919617560342195       -216.91725023093653        1282.0711569203888        4.4745922601532095        27.776660779417043        27.627004800000002        22.428770858354021     
   0.0000000000000000        337.50000000000000       0.99872549142845035       0.69638185191788127       -228.36413586167211        1352.3094500759303        4.6834772916669687        28.439040628588323        27.826480799999999        22.628426098014828     
   0.0000000000000000        340.00000000000000       0.99769619069059801       0.70434270375196339       -240.33792363348766        1424.4097491419288        4.8963166846335779        29.273621109385957        28.025956799999996        22.828079195954277     
   0.0000000000000000        342.50000000000000       0.99573626357913736       0.71306019099058093       -252.85014546030681        1498.8582309164258        5.1144770113189271        30.324767658107639        28.225432799999997        23.027730186394930     
   0.0000000000000000        345.00000000000000       0.99207207114480422       0.72222316027194300       -265.91610365497650        1576.2446195651623        5.3395962991888082        31.628151585902216        28.424908800000001        23.227379102841414     
   0.0000000000000000        347.50000000000000       0.98542985970296426       0.73098865940942703       -279.55540125584389        1657.2144747431828        5.5734384920835307        33.187972508772368        28.624384799999998        23.427025978100055     
   0.0000000000000000        350.00000000000000       0.97390740210512905       0.73771699175506411       -293.79187549535868        1742.3507375042825        5.8175503228561176        34.944028905606146        28.823860799999999        23.626670844297788     
   0.0000000000000000        352.50000000000000       0.95503979982561271       0.73984953045153845       -308.65238683172612        1831.9721342893233        6.0726936769391466        36.741779023492604        29.023336799999999        23.826313732900417     
   0.0000000000000000        355.00000000000000       0.92626674954750476       0.73420651123877678       -324.16401804007307        1925.8902594444419        6.3381810633366626        38.335144207546918        29.222812799999996        24.025954674730215     
   0.0000000000000000        357.50000000000000       0.88586698418207066       0.71789729947494541       -340.34983385514153        2023.2475391125624        6.6114611831264440        39.451081712567969        29.422288800000000        24.225593699982991     
   0.0000000000000000        360.00000000000000       0.83402275462168241       0.68960454173898500       -357.22436110958739        2122.5864600848172        6.8883633922066787        39.902187877689670        29.621764800000001        24.425230838244453     
   0.0000000000000000        362.50000000000000       0.77331878138668153       0.65048912059402020       -374.79064314577926        2222.1878521634349        7.1640786077495564        39.674490890575107        29.821240799999998        24.624866118506141     
   0.0000000000000000        365.00000000000000       0.70819178831045693       0.60401351592909991       -393.04022303012039        2320.5188505315214        7.4344084207168279        38.921385215589993        30.020716799999995        24.824499569180791     
   0.0000000000000000        367.50000000000000       0.64359621611624152       0.55475210915079665       -411.95587279963809        2416.5518407849618        7.6966196288016322        37.876009025903066        30.220192800000000        25.024131218117120     
   0.0000000000000000        370.00000000000000       0.58367639028273710       0.50696663178130252       -431.51559748413047        2509.8384314888044        7.9496054837106351        36.755665982772136        30.419668800000000        25.223761092614247     
   0.0000000000000000        372.50000000000000       0.53105145928386821       0.46368415693646520       -451.69633249201354        2600.3954831186170        8.1935350754647800        35.711246980414103        30.619144799999997        25.423389219435546     
   0.0000000000000000        375.00000000000000       0.48678364224588738       0.42647668893751606       -472.47649379878663        2688.5259812970321        8.4293399335888495        34.822630752353582        30.818620799999998        25.623015624822106     
   0.0000000000000000        377.50000000000000       0.45075347618841732       0.39571840804743963       -493.83730712113260        2774.6616565140343        8.6582754003580575        34.116597313922824        31.018096799999999        25.822640334505731     
   0.0000000000000000        380.00000000000000       0.42213657177802150       0.37100904925351796       -515.76322598955721        2859.2572460567162        8.8816328211744047        33.588002448354750        31.217572799999999        26.022263373721572     
   0.0000000000000000        382.50000000000000       0.39980196339819113       0.35155894410605637       -538.24180625131203        2942.7323711328627        9.1005860846645081        33.216092190344199        31.417048800000000        26.221884767220299     
   0.0000000000000000        385.00000000000000       0.38257648505333303       0.33645925867432375       -561.26332021585495        3025.4465434929079        9.3161295161266544        32.974808580217733        31.616524800000001        26.421504539279937     
   0.0000000000000000        387.50000000000000       0.36938884758778934       0.32483870353434591       -584.82028825424277        3107.6937457569356        9.5290684748675574        32.838428007707599        31.816000799999998        26.621122713717330     
   0.0000000000000000        390.00000000000000       0.35932958186859881       0.31593691750416625       -608.90702377489242        3189.7070153451650        9.7400359977437372        32.784176240056567        32.015476799999995        26.820739313899278     
   0.0000000000000000        392.50000000000000       0.35166126050920032       0.30912657812844552       -633.51923480233222        3271.6671638016737        9.9495194868891872        32.793096083842194        32.214952799999999        27.020354362753274     
   0.0000000000000000        395.00000000000000       0.34580380642792108       0.30390840043206802       -658.65369530311511        3353.7123963391546        10.157888839600682        32.850008190199361        32.414428799999996        27.219967882777937     
   0.0000000000000000        397.50000000000000       0.34131014105737051       0.29989434508551283       -684.30798409726503        3435.9472508494409        10.365421974708694        32.943067640196901        32.613904800000000        27.419579896053207     
   0.0000000000000000        400.00000000000000       0.33784041443868695       0.29678759453364933       -710.48028261858099        3518.4502284922205        10.572326277777004        33.063192967061951        32.813380799999997        27.619190424250128     
