   0.0000000000000000        200.00000000000000       0.99597229430246503        3.8190213958531091E-003  -1405.4310973213339       -2120.2695375927487       -3.5741922013570746        16.825110435078550        16.855300799999998        16.822505039802643     
   0.0000000000000000        210.00000000000000       0.99595343304281170        3.9068415019896567E-003  -1373.9628272538039       -1947.9814376890488       -2.7334219544535476        17.627462868717220        17.653204800000001        17.621889416901148     
   0.0000000000000000        220.00000000000000       0.99593132286732466        4.0483610076047036E-003  -1350.8925913629896       -1767.6493244861265       -1.8943487869233493        18.431178236368012        18.451108800000000        18.421181864208357     
   0.0000000000000000        230.00000000000000       0.99590301139737436        4.2682335021714621E-003  -1336.2059644343874       -1579.2502928648257       -1.0567144714366881        19.236950828937097        19.249012799999999        19.220390702729986     
   0.0000000000000000        240.00000000000000       0.99586442244268691        4.6096471130505677E-003  -1329.8915574316586       -1382.7478650769958      -0.22023461518890522        20.046179684029646        20.046916800000002        20.019523168412476     
   0.0000000000000000        250.00000000000000       0.99580994342080187        5.1783184358073914E-003  -1331.9419999711240       -1178.0688952360108       0.61549241894045281        20.863243712681378        20.844820799999997        20.818585605309551     
   0.0000000000000000        260.00000000000000       0.99573174381470597        6.3854040088120075E-003  -1342.3583217227967       -964.98107293768271        1.4514509568658231        21.709674180978435        21.642724800000000        21.617583615634246     
   0.0000000000000000        270.00000000000000       0.99561574702744049        1.0491441516261057E-002  -1361.1744648453828       -742.30446972343543        2.2921110930442494        22.722442247131447        22.440628799999999        22.416522177878552     
   0.0000000000000000        280.00000000000000       0.99539271198879375        3.2051675261030657E-002  -1388.6159321754860       -502.34364456569176        3.1652581700349796        24.860045745420841        23.238532799999998        23.215405740975967     
   0.0000000000000000        290.00000000000000       0.99460675579075164       0.14020744982859332       -1426.0325606461861       -205.73917765405920        4.2079082172142304        30.604623093417754        24.036436800000001        24.014238300263134     
   0.0000000000000000        300.00000000000000       0.99324098264297733       0.30041181635899372       -1476.3831205428712        135.27619164103339        5.3721977072796818        29.745188485724928        24.834340800000000        24.813023459444938     
   0.0000000000000000        310.00000000000000       0.99207570189379557       0.38764758449793613       -1538.9666236124494        446.14719623710079        6.4035929672566141        28.660939396520057        25.632244800000002        25.611764481669169     
   0.0000000000000000        320.00000000000000       0.99062505715119276       0.43468115839509863       -1612.0635107920391        740.28202162198568        7.3510797887938271        28.121918556703566        26.430148799999998        26.410464332031708     
   0.0000000000000000        330.00000000000000       0.98861200587304210       0.46115883550631681       -1694.6127531142126        1029.3716563285159        8.2544982104325104        28.835143442752859        27.228052799999997        27.209125713265813     
   0.0000000000000000        340.00000000000000       0.98359363247147591       0.53729736891320234       -1786.7100556740486        1364.3195250148917        9.2677340608498238        37.978709849606616        28.025956799999996        28.007751095954276     
   0.0000000000000000        350.00000000000000       0.97305776977284641       0.80477034224087329       -1893.2137356582475        1853.0190130913618        10.703522139284598        38.072186632866405        28.823860799999999        28.806342744297787     
   0.0000000000000000        360.00000000000000       0.97168867638493772       0.89901879240102445       -2014.3146944816453        2224.6146624535913        11.774803769264548        32.605306801556047        29.621764800000001        29.604902738244451     
   0.0000000000000000        370.00000000000000       0.97155586145584671       0.93052246068507172       -2145.7588709441457        2552.9101405315555        12.699105436420815        31.372886054455087        30.419668800000000        30.403432992614245     
   0.0000000000000000        380.00000000000000       0.97150072445334190       0.94033147368663239       -2286.1173315524047        2869.5234046425244        13.567475621565602        31.510399638854658        31.217572799999999        31.201935273721574     
   0.0000000000000000        390.00000000000000       0.97147602413672041       0.94395469366064044       -2434.8969356315870        3188.5259504406599        14.419033041210890        32.136356883751823        32.015476799999995        32.000411213899284     
   0.0000000000000000        400.00000000000000       0.97146920305904105       0.94583617425049415       -2591.9636291975658        3513.9964670952418        15.264900240732018        32.881645072099033        32.813380799999997        32.798862324250130     
   0.0000000000000000        410.00000000000000       0.97147376976895927       0.94707605157520369       -2757.2749042106529        3846.9303179451535        16.107817615014163        33.657766501909428        33.611284800000000        33.597290005891281     
   0.0000000000000000        420.00000000000000       0.97148579910852606       0.94799304832180376       -2930.8111746111063        4187.6038052931008        16.948607095010018        34.443808019794091        34.409188800000003        34.395695559909939     
   0.0000000000000000        430.00000000000000       0.97150277787614314       0.94870923062380719       -3112.5599594789956        4536.1156552508437        17.787617708674045        35.234063127732561        35.207092799999998        35.194080196210500     
   0.0000000000000000        440.00000000000000       0.97152305054516497       0.94928604485044898       -3302.5117628462244        4892.5122213443583        18.625054509524052        36.026586203601077        36.004996799999994        35.992445041403343     
   0.0000000000000000        450.00000000000000       0.97154550469047840       0.94976067262340313       -3500.6587296900557        5256.8202047595714        19.461064298776950        36.820526722564324        36.802900800000003        36.790791145861348     
   0.0000000000000000        460.00000000000000       0.97156938036198870       0.95015798037576960       -3706.9940753686615        5629.0569347783958        20.295763065537084        37.615428323260971        37.600804799999999        37.589119490049953     
   0.0000000000000000        470.00000000000000       0.97159415092278456       0.95049550127200899       -3921.5117830002951        6009.2344024870117        21.129247203164478        38.411011615430503        38.398708800000001        38.387430990221176     
   0.0000000000000000        480.00000000000000       0.97161944697545621       0.95078598863833008       -4144.2064179534627        6397.3612142205166        21.961599233695789        39.207092175862066        39.196612799999997        39.185726503548032     
   0.0000000000000000        490.00000000000000       0.97164500690177691       0.95103892044402993       -4375.0730041884808        6793.4436964553597        22.792891225803761        40.003542859664726        39.994516800000000        39.984006832765218     
   0.0000000000000000        500.00000000000000       0.97167064414303583       0.95126146111286458       -4614.1069375765210        7197.4865840430912        23.623187043239220        40.800273549855937        40.792420800000002        40.782272730372668     
   0.0000000000000000        510.00000000000000       0.97169622518826015       0.95145910603098605       -4861.3039230155719        7609.4934739099945        24.452543915540328        41.597219083205324        41.590324799999991        41.580524902450904     
   0.0000000000000000        520.00000000000000       0.97172165452390269       0.95163612630517580       -5116.6599275610897        8029.4671347251688        25.281013581319730        42.394331576053112        42.388228800000000        42.378764012130688     
   0.0000000000000000        530.00000000000000       0.97174686418226786       0.95179588209742760       -5380.1711446690360        8457.4097232963813        26.108643147104562        43.191575349334208        43.186132799999996        43.176990682753825     
   0.0000000000000000        540.00000000000000       0.97177180637570260       0.95194104700486004       -5651.8339663284505        8893.3229385024370        26.935475749686830        43.988923482352895        43.984036799999998        43.975205500757774     
   0.0000000000000000        550.00000000000000       0.97179644823306544       0.95207377099851098       -5931.6449609089505        9337.2081324137598        27.761551078768566        44.786355426450413        44.781940800000001        44.773409018312172     
   0.0000000000000000        560.00000000000000       0.97182076798940753       0.95219580023858186       -6219.6008552229860        9789.0663915482819        28.586905797805837        45.583855326409548        45.579844799999996        45.571601755732395     
   0.0000000000000000        570.00000000000000       0.97184475219446709       0.95230856620507087       -6515.6985197504018        10248.898596988616        29.411573889015823        46.381410823609535        46.377748799999999        46.369784203692362     
   0.0000000000000000        580.00000000000000       0.97186839364490196       0.95241325272463295       -6819.9349562733005        10716.705469344759        30.235586940720790        47.179012192235533        47.175652799999995        47.167956825255672     
   0.0000000000000000        590.00000000000000       0.97189168983725405       0.95251084689336118       -7132.3072873793708        11192.487602726344        31.058974390009684        47.976651708846340        47.973556799999997        47.966120057742934     
   0.0000000000000000        600.00000000000000       0.97191464180005926       0.95260217814142023       -7452.8127474326157        11676.245490658259        31.881763730151459        48.774323187409685        48.771460800000000        48.764274314450354     
