   0.0000000000000000        200.00000000000000       0.99600452527625150        3.7299630051348901E-003  -1617.5492852890056       -2231.0467178184595       -3.0674871626472702        16.824552285644433        16.855300799999998        16.822505039802643     
   0.0000000000000000        210.00000000000000       0.99598128594307778        3.7841598527959121E-003  -1591.1536502626470       -2058.7798975986452       -2.2267916539809440        17.625923403090297        17.653204800000001        17.621889416901148     
   0.0000000000000000        220.00000000000000       0.99596049562320532        3.8719802427374058E-003  -1573.1533629424480       -1878.4898010803624       -1.3878929006268836        18.427888816152052        18.451108800000000        18.421181864208357     
   0.0000000000000000        230.00000000000000       0.99594147811808198        4.0027317478522704E-003  -1563.5321394503569       -1690.1677706829471      -0.55058970101126126        19.230605115409350        19.249012799999999        19.220390702729986     
   0.0000000000000000        240.00000000000000       0.99592351928346257        4.1878769189646241E-003  -1562.2756576857287       -1493.8030042297805       0.28530272273311735        20.034264105229262        20.046916800000002        20.019523168412476     
   0.0000000000000000        250.00000000000000       0.99590584608277133        4.4416839096583366E-003  -1569.3714371832657       -1289.3820146852001        1.1199576899922619        20.839107047426161        20.844820799999997        20.818585605309551     
   0.0000000000000000        260.00000000000000       0.99588762345490056        4.7822269009823518E-003  -1584.8087714450289       -1076.8878814543305        1.9535418845796093        21.645441868171069        21.642724800000000        21.617583615634246     
   0.0000000000000000        270.00000000000000       0.99586797272655525        5.2330387748064124E-003  -1608.5787153745896       -856.29918449313323        2.7862204847461345        22.453678761294078        22.440628799999999        22.416522177878552     
   0.0000000000000000        280.00000000000000       0.99584601331089040        5.8268039470299330E-003  -1640.6741451068440       -627.58793479155418        3.6181650368403204        23.264476720806467        23.238532799999998        23.215405740975967     
   0.0000000000000000        290.00000000000000       0.99582092335210692        6.6175159907123152E-003  -1681.0899860095826       -390.71288828235691        4.4495761990593978        24.079444250203107        24.036436800000001        24.014238300263134     
   0.0000000000000000        300.00000000000000       0.99579198942839620        7.7304195798821515E-003  -1729.8240748110702       -145.59089286178778        5.2807772731642748        24.904483896008955        24.834340800000000        24.813023459444938     
   0.0000000000000000        310.00000000000000       0.99575846919272226        9.5908158730713677E-003  -1786.8808554758582        108.03968357945152        6.1126469001784178        25.766775270487468        25.632244800000002        25.611764481669169     
   0.0000000000000000        320.00000000000000       0.99571811713934200        1.4138738103521804E-002  -1852.2893418854449        371.37091677263197        6.9489383083064897        26.820146244678313        26.430148799999998        26.410464332031708     
   0.0000000000000000        330.00000000000000       0.99565615586164513        3.2901824401824820E-002  -1926.2100594265889        651.73340322521710        7.8119498868236557        29.147793394577334        27.228052799999997        27.209125713265813     
   0.0000000000000000        340.00000000000000       0.99549201661076592       0.12826011389133396       -2009.6077888135803        990.72351936753853        8.8245038475915258        36.725956407620323        28.025956799999996        28.007751095954276     
   0.0000000000000000        350.00000000000000       0.99522091423358505       0.30825829181444708       -2105.1519577188210        1398.9549382779264        10.011733988562137        36.460685245906490        28.823860799999999        28.806342744297787     
   0.0000000000000000        360.00000000000000       0.99503636709740728       0.39669009368227759       -2212.5785068423493        1756.8471060110483        11.026182257926102        32.865639623414069        29.621764800000001        29.604902738244451     
   0.0000000000000000        370.00000000000000       0.99485560863936495       0.43508352376695281       -2329.8590047169314        2087.2131802658455        11.938032932385884        32.062334787225716        30.419668800000000        30.403432992614245     
   0.0000000000000000        380.00000000000000       0.99463944265802962       0.45520206675402436       -2456.1411102543875        2411.7148887544349        12.810147365812691        32.226631888682142        31.217572799999999        31.201935273721574     
   0.0000000000000000        390.00000000000000       0.99428735394365275       0.47048343606730925       -2591.1050447418929        2740.8967464469897        13.671799464586879        33.327661937430470        32.015476799999995        32.000411213899284     
   0.0000000000000000        400.00000000000000       0.99192701105080094       0.53240245503132122       -2735.0784505076017        3121.9032590774859        14.642454273962718        45.122759399309693        32.813380799999997        32.798862324250130     
   0.0000000000000000        410.00000000000000       0.98014917125890322       0.83407080478171303       -2892.7039313751347        3736.0685102015036        16.167737662382045        50.666303152391201        33.611284800000000        33.597290005891281     
   0.0000000000000000        420.00000000000000       0.97660221780190359       0.92209848730623367       -3064.8960033280123        4159.6066633669507        17.201196825464198        36.106407096108214        34.409188800000003        34.395695559909939     
   0.0000000000000000        430.00000000000000       0.97590861010462315       0.93329288510650876       -3246.2831082942330        4518.5957854279768        18.057857892377232        35.692725989383533        35.207092799999998        35.194080196210500     
   0.0000000000000000        440.00000000000000       0.97548100307558294       0.93764804854881834       -3436.0502371152470        4878.8769206467578        18.897561722186371        36.273472167660216        36.004996799999994        35.992445041403343     
   0.0000000000000000        450.00000000000000       0.97515771956655439       0.94033113853039119       -3634.0909404444833        5245.4645431405925        19.732345519077949        36.987421831114922        36.802900800000003        36.790791145861348     
   0.0000000000000000        460.00000000000000       0.97490483265287353       0.94226696186067738       -3840.3678532186923        5619.2886704455814        20.564470703617985        37.739942623124897        37.600804799999999        37.589119490049953     
   0.0000000000000000        470.00000000000000       0.97470385340471721       0.94376298581536366       -4054.8604089000805        6000.6616661614353        21.394727819279822        38.508489118212900        38.398708800000001        38.387430990221176     
   0.0000000000000000        480.00000000000000       0.97454218297344075       0.94495995028743718       -4277.5545453021705        6389.7254672277350        22.223500026103967        39.285503062695966        39.196612799999997        39.185726503548032     
   0.0000000000000000        490.00000000000000       0.97441076072704880       0.94593803374065710       -4508.4395050006415        6786.5597507657276        23.051018889319121        40.067774808555065        39.994516800000000        39.984006832765218     
   0.0000000000000000        500.00000000000000       0.97430293237052301       0.94674959905930667       -4747.5065492138401        7191.2157933170702        23.877444685061821        40.853637190025601        40.792420800000002        40.782272730372668     
   0.0000000000000000        510.00000000000000       0.97421374361387358       0.94743154453554723       -4994.7483178679613        7603.7292985360527        24.702897287066691        41.642085836673331        41.590324799999991        41.580524902450904     
   0.0000000000000000        520.00000000000000       0.97413946113918026       0.94801097922280697       -5250.1584552725080        8024.1262562155489        25.527470599015498        42.432456351436734        42.388228800000000        42.378764012130688     
   0.0000000000000000        530.00000000000000       0.97407723855408768       0.94850831912206801       -5513.7313669899813        8452.4260976997684        26.351240499414619        43.224284370270041        43.186132799999996        43.176990682753825     
   0.0000000000000000        540.00000000000000       0.97402488047357894       0.94893919808127436       -5785.4620516936948        8888.6436151023481        27.174269753326008        44.017234462358772        43.984036799999998        43.975205500757774     
   0.0000000000000000        550.00000000000000       0.97398067436258451       0.94931574181213341       -6065.3459803467158        9332.7902241716165        27.996611280942421        44.811059089099217        44.781940800000001        44.773409018312172     
   0.0000000000000000        560.00000000000000       0.97394326960984279       0.94964745707315412       -6353.3790071341009        9784.8748362216447        28.818310434563831        45.605572721371992        45.579844799999996        45.571601755732395     
   0.0000000000000000        570.00000000000000       0.97391158976264669       0.94994186976157136       -6649.5573025269659        10244.904478432063        29.639406633261459        46.400634568709187        46.377748799999999        46.369784203692362     
   0.0000000000000000        580.00000000000000       0.97388476821743697       0.95020499127901792       -6953.8773021623019        10712.884744026216        30.459934562393997        47.196136638920251        47.175652799999995        47.167956825255672     
   0.0000000000000000        590.00000000000000       0.97386210063592560       0.95044166398621521       -7266.3356672296486        11188.820123794827        31.279925069533007        47.991995288799764        47.973556799999997        47.966120057742934     
   0.0000000000000000        600.00000000000000       0.97384300939085811       0.95065581988391190       -7586.9292533539710        11672.714253120635        32.099405844124348        48.788145145813814        48.771460800000000        48.764274314450354     
