   0.0000000000000000        15.000000000000000                            NaN                       NaN                       NaN                       NaN                       NaN                       NaN   2.0940768000000007        1.9906105035131103     
   0.0000000000000000        20.000000000000000                            NaN                       NaN                       NaN                       NaN                       NaN                       NaN   2.4930287999999998        2.3830766210778007     
   0.0000000000000000        25.000000000000000                            NaN                       NaN                       NaN                       NaN                       NaN                       NaN   2.8919807999999989        2.7835827094216001     
   0.0000000000000000        30.000000000000000                            NaN                       NaN                       NaN                       NaN                       NaN                       NaN   3.2909328000000020        3.1869180004247717     
   0.0000000000000000        35.000000000000000                            NaN                       NaN                       NaN                       NaN                       NaN                       NaN   3.6898848000000011        3.5910587381692944     
   0.0000000000000000        40.000000000000000                            NaN                       NaN                       NaN                       NaN                       NaN                       NaN   4.0888368000000002        3.9952007343408233     
   0.0000000000000000        45.000000000000000                            NaN                       NaN                       NaN                       NaN                       NaN                       NaN   4.4877887999999997        4.3990377952717790     
   0.0000000000000000        50.000000000000000                            NaN                       NaN                       NaN                       NaN                       NaN                       NaN   4.8867407999999992        4.8024739551249480     
   0.0000000000000000        55.000000000000000                            NaN                       NaN                       NaN                       NaN                       NaN                       NaN   5.2856927999999979        5.2055018897000132     
   0.0000000000000000        60.000000000000000       0.99831004508892640        5.2400051317550121E-003  -3069.5229903614163       -4001.5011258941431       -15.532968925545450        5.6167784933730056        5.6846447999999992        5.6081496648497682     
   0.0000000000000000        65.000000000000000       0.99809696246483548        5.1616298669604982E-003  -2993.1711809629755       -3972.4151762767387       -15.065292235596360        6.0176325997689490        6.0835968000000005        6.0104570796416157     
   0.0000000000000000        70.000000000000000       0.99790321879146338        5.0730630020082504E-003  -2919.1341365196395       -3941.3250494748595       -14.602727327931710        6.4184484460765985        6.4825488000000000        6.4124652953461228     
   0.0000000000000000        75.000000000000000       0.99772781335414207        4.9819065000080180E-003  -2847.3896243228478       -3908.2309849372591       -14.144551474858822        6.8192061689508838        6.8815008000000013        6.8142125541299761     
   0.0000000000000000        80.000000000000000       0.99756931295232021        4.8925492166532530E-003  -2777.9183651112698       -3873.1332890555227       -13.690186549303156        7.2198988815353689        7.2804527999999999        7.2157326995561988     
   0.0000000000000000        85.000000000000000       0.99742613956914838        4.8074526587897938E-003  -2710.7034749694890       -3836.0322862631474       -13.239162485807746        7.6205264010516567        7.6794047999999995        7.6170549606981801     
   0.0000000000000000        90.000000000000000       0.99729672720508977        4.7279234419009917E-003  -2645.7300411861938       -3796.9282934041134       -12.791091691310220        8.0210921054825608        8.0783567999999999        8.0182042716491893     
   0.0000000000000000        95.000000000000000       0.99717960160968289        4.6545818661151072E-003  -2582.9847937591308       -3755.8216055914390       -12.345650650866403        8.4216014395740455        8.4773087999999994        8.4192017825548380     
   0.0000000000000000        100.00000000000000       0.99707341570227870        4.5876496479775580E-003  -2522.4558468534065       -3712.7124873032026       -11.902566404497961        8.8220613018797138        8.8762607999999990        8.8200654036158532     
   0.0000000000000000        105.00000000000000       0.99697696026670846        4.5271293782097287E-003  -2464.1324924959049       -3667.6011653308201       -11.461606407951574        9.2224799142743485        9.2752128000000003        9.2208103134149120     
   0.0000000000000000        110.00000000000000       0.99688916143077000        4.4729189228917277E-003  -2408.0050339915952       -3620.4878216967491       -11.022570797319583        9.6228669631908659        9.6741647999999998        9.6214494062500773     
   0.0000000000000000        115.00000000000000       0.99680907159179877        4.4248868093513874E-003  -2354.0646500386965       -3571.3725854770501       -10.585286395116114        10.023233893198626        10.073116800000001        10.021993673499912     
   0.0000000000000000        120.00000000000000       0.99673585757005512        4.3829244719422499E-003  -2302.3032829150607       -3520.2555229415552       -10.149602000220785        10.423594280676697        10.472068799999999        10.422452523018656     
   0.0000000000000000        125.00000000000000       0.99666878807702908        4.3469851309243341E-003  -2252.7135457880895       -3467.1366257290842       -9.7153846395279562        10.823964238863198        10.871020799999998        10.822834043962274     
   0.0000000000000000        130.00000000000000       0.99660722159815518        4.3171153637496283E-003  -2205.2886453974738       -3412.0157969831989       -9.2825165506594267        11.224362820686345        11.269972800000000        11.223145225192598     
   0.0000000000000000        135.00000000000000       0.99655059522061640        4.2934831443623960E-003  -2160.0223172274495       -3354.8928355180601       -8.8508927280785965        11.624812396587895        11.668924799999999        11.623392134962213     
   0.0000000000000000        140.00000000000000       0.99649841461541511        4.2764047226064739E-003  -2116.9087709231007       -3295.7674181726343       -8.4204189089252406        12.025338995358679        12.067876800000001        12.023580068674930     
   0.0000000000000000        145.00000000000000       0.99645024520649206        4.2663718737199928E-003  -2075.9426441806386       -3234.6390805461210       -7.9910099059688449        12.425972606920093        12.466828800000000        12.423713670497127     
   0.0000000000000000        150.00000000000000       0.99640570446762478        4.2640805812596636E-003  -2037.1189637018442       -3171.5071962819416       -7.5625882172006484        12.826747458410427        12.865780800000000        12.823797033624398     
   0.0000000000000000        155.00000000000000       0.99636445524451356        4.2704620172873912E-003  -2000.4331120811810       -3106.3709549777595       -7.1350828573972809        13.227702288601330        13.264732800000001        13.223833783149065     
   0.0000000000000000        160.00000000000000       0.99632619998339900        4.2867166897461121E-003  -1965.8807997131294       -3039.2293386344563       -6.7084283682582937        13.628880660857533        13.663684799999999        13.623827144744141     
   0.0000000000000000        165.00000000000000       0.99629067574673191        4.3143528084577448E-003  -1933.4580409852322       -2970.0810963072759       -6.2825639716487487        14.030331374251627        14.062636800000000        14.023780001773272     
   0.0000000000000000        170.00000000000000       0.99625764990340593        4.3552302728589445E-003  -1903.1611341710352       -2898.9247162679530       -5.8574328358642234        14.432109054561442        14.461588799999999        14.423694942939523     
   0.0000000000000000        175.00000000000000       0.99622691639199301        4.4116122282833814E-003  -1874.9866445684788       -2825.7583944982553       -5.4329814281701498        14.834275038508661        14.860540799999999        14.823574302183181     
   0.0000000000000000        180.00000000000000       0.99619829246813740        4.4862269340339008E-003  -1848.9313905500305       -2750.5799976586031       -5.0091589283809581        15.236898708978945        15.259492799999999        15.223420192212917     
   0.0000000000000000        185.00000000000000       0.99617161586053182        4.5823438636986014E-003  -1824.9924323116923       -2673.3870177155250       -4.5859166778585552        15.640059509470580        15.658444800000000        15.623234532792734     
   0.0000000000000000        190.00000000000000       0.99614674227330657        4.7038697704939606E-003  -1803.1670632365401       -2594.1765139860504       -4.1632076355237375        16.043849985075326        16.057396799999999        16.023019074695970     
   0.0000000000000000        195.00000000000000       0.99612354318595941        4.8554733971364486E-003  -1783.4528039432046       -2512.9450361163999       -3.7409858060163854        16.448380411801971        16.456348800000001        16.422775420067996     
   0.0000000000000000        200.00000000000000       0.99610190391483633        5.0427525664504631E-003  -1765.8473992889349       -2429.6885177714348       -3.3192055924125001        16.853785976279642        16.855300799999998        16.822505039802643     
   0.0000000000000000        205.00000000000000       0.99608172191268940        5.2724664582201467E-003  -1750.3488188903721       -2344.4021242285853       -2.8978210016498216        17.260238233686337        17.254252800000000        17.222209288427091     
   0.0000000000000000        210.00000000000000       0.99606290529448982        5.5528726515296153E-003  -1736.9552621885159       -2257.0800250211341       -2.4767845849172283        17.667964049227599        17.653204800000001        17.621889416901148     
   0.0000000000000000        215.00000000000000       0.99604537158816497        5.8942401139073525E-003  -1725.6651698729313       -2167.7150401559156       -2.0560459082929494        18.077278088589093        18.052156799999999        18.021546583664623     
   0.0000000000000000        220.00000000000000       0.99602904671784209        6.3096694180272321E-003  -1716.4772448851602       -2076.2980653606842       -1.6355491839796537        18.488640451809108        18.451108800000000        18.421181864208357     
   0.0000000000000000        225.00000000000000       0.99601386423401528        6.8164661845284040E-003  -1709.3904887907815       -1982.8170992394441       -1.2152293797718339        18.902761721690919        18.850060799999998        18.820796259396595     
   0.0000000000000000        230.00000000000000       0.99599976480882635        7.4385329401445224E-003  -1704.4042640924531       -1887.2555363612300      -0.79500553160337806        19.320798315700142        19.249012799999999        19.220390702729986     
   0.0000000000000000        235.00000000000000       0.99598669601153778        8.2106634876752231E-003  -1701.5184020296131       -1789.5890840039917      -0.37476885946544164        19.744720923552929        19.647964800000000        19.619966066706599     
   0.0000000000000000        240.00000000000000       0.99597461235562601        9.1864241144033569E-003  -1700.7333923448177       -1689.7800685727925        4.5638849050105304E-002   20.178015980534187        20.046916800000002        20.019523168412476     
   0.0000000000000000        245.00000000000000       0.99596347551414688        1.0452826918717824E-002  -1702.0507235343125       -1587.7667571416546       0.46646516894962442        20.627027305767459        20.445868800000000        20.419062774451842     
   0.0000000000000000        250.00000000000000       0.99595325427501979        1.2157828579351809E-002  -1705.4735025009863       -1483.4431591882289       0.88812137325102936        21.103509883268607        20.844820799999997        20.818585605309551     
   0.0000000000000000        255.00000000000000       0.99594392279094079        1.4561581842147984E-002  -1711.0075939060293       -1376.6209300494099        1.3113202504181158        21.629358688771624        21.243772799999999        21.218092339223674     
   0.0000000000000000        260.00000000000000       0.99593545281815299        1.8129060303134877E-002  -1718.6637105176840       -1266.9594172228992        1.7373242049799407        22.244642477941778        21.642724800000000        21.617583615634246     
   0.0000000000000000        265.00000000000000       0.99592778882635791        2.3682873632685383E-002  -1728.4611462065764       -1153.8474799102096        2.1683534577221391        23.018053371021722        22.041676800000001        22.017060038263985     
   0.0000000000000000        270.00000000000000       0.99592078378314397        3.2596405584505148E-002  -1740.4339175219736       -1036.2465395247584        2.6081013999896867        24.048041858045853        22.440628799999999        22.416522177878552     
   0.0000000000000000        275.00000000000000       0.99591407649228381        4.6835539479909274E-002  -1754.6388841900493       -912.62993683249169        3.0618507176638459        25.413447033805888        22.839580800000000        22.815970574766840     
   0.0000000000000000        280.00000000000000       0.99590698466395589        6.8305189688545612E-002  -1771.1606194436304       -781.42652540536631        3.5347646215652286        27.019616855065731        23.238532799999998        23.215405740975967     
   0.0000000000000000        285.00000000000000       0.99589873141992191        9.7097364003781217E-002  -1790.1001876981702       -642.31232821655317        4.0273258227425162        28.470862330732015        23.637484799999996        23.614828162330742     
   0.0000000000000000        290.00000000000000       0.99588927042102782       0.13031875933898257       -1811.5413991513303       -497.15439130772040        4.5323689925641721        29.398598105496603        24.036436800000001        24.014238300263134     
   0.0000000000000000        295.00000000000000       0.99587998814947554       0.16443108613429347       -1835.5238024913886       -348.33827694132623        5.0413068662713973        30.012213332891534        24.435388799999998        24.413636593473822     
   0.0000000000000000        300.00000000000000       0.99587322892871766       0.19877033202522307       -1862.0607410510315       -196.10621040243248        5.5531817688286633        30.825425626296095        24.834340800000000        24.813023459444938     
   0.0000000000000000        305.00000000000000       0.99587091686095941       0.23502949504905890       -1891.1786033502367       -38.980786857937424        6.0727797262042600        31.918359781510887        25.233292799999997        25.212399295820536     
   0.0000000000000000        310.00000000000000       0.99587297016250265       0.27397932601993902       -1922.9228459624019        123.56321999024118        6.6015679546859447        32.910122025270333        25.632244800000002        25.611764481669169     
   0.0000000000000000        315.00000000000000       0.99587669538834245       0.31440688329866090       -1957.3304996753182        290.27316448292436        7.1352497274864852        33.570900264012771        26.031196800000000        26.011119378641187     
   0.0000000000000000        320.00000000000000       0.99587862218756285       0.35467689131555558       -1994.4125081491218        459.50457939323070        7.6684908985698508        33.911384828755089        26.430148799999998        26.410464332031708     
   0.0000000000000000        325.00000000000000       0.99587737555243461       0.39300680271299082       -2034.1526137920177        629.35829303759408        8.1954181748603432        33.793936200206630        26.829100799999999        26.809799671758864     
   0.0000000000000000        330.00000000000000       0.99587454262008024       0.42707267488451062       -2076.4999584837792        797.31679045226201        8.7085356028364895        33.204686517582502        27.228052799999997        27.209125713265813     
   0.0000000000000000        335.00000000000000       0.99587286464151781       0.45557745948086453       -2121.3716901231664        961.88039909576162        9.2037375797579930        32.541761684609575        27.627004800000002        27.608442758354023     
   0.0000000000000000        340.00000000000000       0.99587410897447026       0.47946302777069305       -2168.6818106320907        1123.8336730303565        9.6838690695954330        32.229411080896107        28.025956799999996        28.007751095954276     
   0.0000000000000000        345.00000000000000       0.99587829217813006       0.50112479113902375       -2218.3714228676440        1285.4976194536978        10.156142151656063        32.450126399664022        28.424908800000001        28.407051002841413     
   0.0000000000000000        350.00000000000000       0.99588297102890899       0.52343473471458279       -2270.4222073253600        1449.7979278119283        10.629200386106538        33.309498066872308        28.823860799999999        28.806342744297787     
   0.0000000000000000        355.00000000000000       0.99587959025061212       0.55005287708701589       -2324.8645195769086        1620.7225494855304        11.114329772006872        35.194942076084871        29.222812799999996        29.205626574730214     
   0.0000000000000000        360.00000000000000       0.99584065428662005       0.58759350079581196       -2381.8062021300607        1805.9772753679090        11.632731881938804        39.273336579119693        29.621764800000001        29.604902738244451     
   0.0000000000000000        365.00000000000000       0.99569038283279943       0.64830776936539125       -2441.5104118839031        2020.7336855000488        12.225326294202610        46.915452422848062        30.020716799999995        30.004171469180786     
   0.0000000000000000        370.00000000000000       0.99531731265270373       0.73863195378870483       -2504.4455168189984        2275.1938141004048        12.917944137620010        53.209798963416617        30.419668800000000        30.403432992614245     
   0.0000000000000000        375.00000000000000       0.99477015153883208       0.82838381272144135       -2570.9371080120955        2535.6472155816691        13.617558196250039        48.899577117168640        30.818620799999998        30.802687524822101     
   0.0000000000000000        380.00000000000000       0.99424992019975655       0.88455387863151769       -2640.6954918821052        2760.3778952898761        14.213351018873636        41.068732366126220        31.217572799999999        31.201935273721574     
   0.0000000000000000        385.00000000000000       0.99381673768293566       0.91272252315364755       -2713.1903576963355        2953.3656090777049        14.718327186426079        36.571336822548282        31.616524800000001        31.601176439279932     
   0.0000000000000000        390.00000000000000       0.99343633180405622       0.92696644147095042       -2788.0808979101434        3130.9247113644769        15.176937459678514        34.677172901589259        32.015476799999995        32.000411213899284     
   0.0000000000000000        395.00000000000000       0.99307866264842037       0.93488262154141255       -2865.2040886155983        3302.3764887666271        15.614128044005632        33.995663315641359        32.414428799999996        32.399639782777939     
   0.0000000000000000        400.00000000000000       0.99272892372079791       0.93976365637445847       -2944.4835404757523        3471.9012297450408        16.040961925551983        33.851552144825568        32.813380799999997        32.798862324250130     
   0.0000000000000000        405.00000000000000       0.99238074138993559       0.94306464305363091       -3025.8810927407444        3641.3862191189160        16.462388424344841        33.957544006918539        33.212332799999999        33.198079010105708     
   0.0000000000000000        410.00000000000000       0.99203173626786123       0.94547340617221975       -3109.3761078490816        3811.7330036048088        16.880753930375342        34.186953284096148        33.611284800000000        33.597290005891281     
   0.0000000000000000        415.00000000000000       0.99168142929726777       0.94733719679719608       -3194.9564759966083        3983.3972396872809        17.297237869117808        34.480564621576178        34.010236799999994        33.996495471194095     
   0.0000000000000000        420.00000000000000       0.99133025252797757       0.94884216328599469       -3282.6144793846379        4156.6213060413338        17.712466155776127        34.809263270936626        34.409188800000003        34.395695559909939     
   0.0000000000000000        425.00000000000000       0.99097905654754348       0.95009411279036893       -3372.3447875430556        4331.5406818951069        18.126789339854501        35.158117560267343        34.808140799999997        34.794890420496102     
   0.0000000000000000        430.00000000000000       0.99062885424909242       0.95115691976967520       -3464.1434410680545        4508.2350749728330        18.540415153583460        35.519174021870583        35.207092799999998        35.194080196210500     
   0.0000000000000000        435.00000000000000       0.99028068451062690       0.95207160395787849       -3558.0073150651547        4686.7539861829564        18.953474255742787        35.888036195038595        35.606044799999999        35.593265025337764     
   0.0000000000000000        440.00000000000000       0.98993553984306348       0.95286615956008736       -3653.9338242517670        4867.1299264244453        19.366053978809575        36.262178350805300        36.004996799999994        35.992445041403343     
   0.0000000000000000        445.00000000000000       0.98959432940068393       0.95356079309389119       -3751.9207539023141        5049.3854614450611        19.778216214263765        36.640088392981816        36.403948800000002        36.391620373376291     
   0.0000000000000000        450.00000000000000       0.98925786201218302       0.95417081034120554       -3851.9661584453697        5233.5370809090709        20.190007198565425        37.020820232773005        36.802900800000003        36.790791145861348     
   0.0000000000000000        455.00000000000000       0.98892684069888559       0.95470826543247334       -3954.0682976364646        5419.5973898205129        20.601463049355996        37.403753996696189        37.201852799999998        37.189957479281297     
   0.0000000000000000        460.00000000000000       0.98860186379358739       0.95518294025152839       -4058.2255943342489        5607.5763911046843        21.012613011823767        37.788464318665547        37.600804799999999        37.589119490049953     
   0.0000000000000000        465.00000000000000       0.98828342979407990       0.95560295138926210       -4164.4366051705028        5797.4822632491059        21.423481437461525        38.174646124558940        37.999756799999993        37.988277290736406     
   0.0000000000000000        470.00000000000000       0.98797194423687529       0.95597514375754800       -4272.6999992296833        5989.3218499584773        21.834089040825873        38.562071671440613        38.398708800000001        38.387430990221176     
   0.0000000000000000        475.00000000000000       0.98766772754958154       0.95630535799960004       -4383.0145419183445        6183.1009809197149        22.244453732290655        38.950564950642196        38.797660799999996        38.786580693844598     
   0.0000000000000000        480.00000000000000       0.98737102324286008       0.95659862054508182       -4495.3790823423433        6378.8246905056194        22.654591193433252        39.339985954892171        39.196612799999997        39.185726503548032     
   0.0000000000000000        485.00000000000000       0.98708200604900143       0.95685928438328194       -4609.7925431547974        6576.4973727816405        23.064515290590599        39.730220681839342        39.595564799999998        39.584868518008214     
   0.0000000000000000        490.00000000000000       0.98680078976775865       0.95709113713085237       -4726.2539122115086        6776.1228953792679        23.474238382838319        40.121174558171127        39.994516800000000        39.984006832765218     
   0.0000000000000000        495.00000000000000       0.98652743467791870       0.95729748647856905       -4844.7622355928816        6977.7046858556077        23.883771558481797        40.512767959192402        40.393468800000001        40.383141540344418     
   0.0000000000000000        500.00000000000000       0.98626195443626052       0.95748122935662372       -4965.3166116883813        7181.2457989933300        24.293124821363421        40.904933049745722        40.792420800000002        40.782272730372668     
