   0.0000000000000000        320.00000000000000       0.98721931453711653       0.37980897553884552       -409.08421503442463        966.51959580851087        4.2987619088841731        26.050180605355720        28.322452799999997        24.564666432031700     
   0.0000000000000000        322.00000000000000       0.98706321452738743       0.38084282867385100       -417.84458098545497        1018.7965345654380        4.4616183712760655        26.226835557391645        28.482897600000001        24.725265703582377     
   0.0000000000000000        324.00000000000000       0.98689812285650025       0.38188567157736086       -426.93074645697942        1071.4272607721596        4.6245617507072190        26.403974948933904        28.643342400000002        24.885863457563694     
   0.0000000000000000        326.00000000000000       0.98672334311779752       0.38293729076521854       -436.34288729119908        1124.4127885904311        4.7875940977964113        26.581646219602639        28.803787200000002        25.046459714068835     
   0.0000000000000000        328.00000000000000       0.98653806558294677       0.38399747993969585       -446.08118371502394        1177.7542423534428        4.9507177624038627        26.759913421851202        28.964231999999999        25.207054492837838     
   0.0000000000000000        330.00000000000000       0.98634131447554196       0.38506604095144725       -456.14582105139851        1231.4528994652217        5.1139355167170315        26.938867883276174        29.124676800000000        25.367647813265801     
   0.0000000000000000        332.00000000000000       0.98613185843389806       0.38614278541628400       -466.53699075187046        1285.5102619319409        5.2772507610958170        27.118646955627057        29.285121599999997        25.528239694410843     
   0.0000000000000000        334.00000000000000       0.98590805613605359       0.38722753723927472       -477.25489197278779        1339.9281784857767        5.4406678756244444        27.299467268035311        29.445566400000001        25.688830155001774     
   0.0000000000000000        336.00000000000000       0.98566758701899082       0.38832013631102280       -488.29973408830915        1394.7090567900045        5.6041928299949815        27.481684112652204        29.606011200000001        25.849419213445607     
   0.0000000000000000        338.00000000000000       0.98540697732009419       0.38942044351955779       -499.67174083946355        1449.8562370219718        5.7678342540279157        27.665898087377883        29.766456000000002        26.010006887834795     
   0.0000000000000000        340.00000000000000       0.98512076001014592       0.39052834674462766       -511.37115736944969        1505.3746559736612        5.9316053333620911        27.853147437483834        29.926900799999999        26.170593195954272     
   0.0000000000000000        342.00000000000000       0.98479997774100370       0.39164376617365082       -523.39826238924923        1561.2720361104305        6.0955271885955558        28.045256083895239        30.087345599999999        26.331178155288296     
   0.0000000000000000        344.00000000000000       0.98442950425567366       0.39276665403187860       -535.75338951359345        1617.5610256333846        6.2596349277528427        28.245464585452087        30.247790400000003        26.491761783027091     
   0.0000000000000000        346.00000000000000       0.98398323920395914       0.39389697640830679       -548.43696505283094        1674.2630632370769        6.4239885210690977        28.459574388563329        30.408235200000000        26.652344096073275     
   0.0000000000000000        348.00000000000000       0.98341548014625502       0.39503464867789378       -561.44957539770667        1731.4153676823080        6.5886923651724558        28.698018439592460        30.568680000000001        26.812925111048152     
   0.0000000000000000        350.00000000000000       0.98264545360825295       0.39617936187152381       -574.79208762056987        1789.0835652446526        6.7539304367577788        28.979585030980150        30.729124800000001        26.973504844297782     
   0.0000000000000000        352.00000000000000       0.98152972834009167       0.39733016755790068       -588.46586547048605        1847.3843910440855        6.9200291378254875        29.338026876786049        30.889569599999998        27.134083311898888     
   0.0000000000000000        354.00000000000000       0.97981360008098140       0.39848455170250296       -602.47315494532620        1906.5260401653934        7.0875683477703939        29.833485975848252        31.050014399999998        27.294660529664657     
   0.0000000000000000        356.00000000000000       0.97704744087428952       0.39963647483271963       -616.81776609443818        1966.8782610846481        7.2575731100536141        30.571230140881909        31.210459200000003        27.455236513150268     
   0.0000000000000000        358.00000000000000       0.97244939551123677       0.40077244182739252       -631.50625474893513        2029.0887128285358        7.4318295183728234        31.729098456200685        31.370903999999999        27.615811277658384     
   0.0000000000000000        360.00000000000000       0.96470088719541458       0.40186417239300848       -646.54989169164639        2094.2589833606226        7.6133579862563021        33.587276904803012        31.531348800000000        27.776384838244443     
   0.0000000000000000        362.00000000000000       0.95170502467672635       0.40285652317818266       -661.96769949933935        2164.1588559639931        7.8069794349815815        36.527351665020447        31.691793600000000        27.936957209721754     
   0.0000000000000000        364.00000000000000       0.93048353338957135       0.40365222833351627       -677.79043235058464        2241.3363877571642        8.0195791761201889        40.906666307620306        31.852238400000001        28.097528406666587     
   0.0000000000000000        366.00000000000000       0.89768826114545086       0.40410532559705292       -694.06394548596995        2328.7235942169668        8.2589823489151275        46.655879807476985        32.012683199999998        28.258098443423002     
   0.0000000000000000        368.00000000000000       0.85140405693091314       0.40405289359570595       -710.84757618122569        2428.1451350213388        8.5298714978330565        52.635843174726546        32.173127999999998        28.418667334107617     
   0.0000000000000000        370.00000000000000       0.79399806197631162       0.40341104429317109       -728.20139470263280        2537.8765474639590        8.8272376815313294        56.538119628254286        32.333572799999999        28.579235092614237     
   0.0000000000000000        372.00000000000000       0.73324669273809207       0.40228264446706730       -746.16266439679066        2651.5490991931970        9.1336337730913648        56.407389242885039        32.494017599999999        28.739801732618353     
   0.0000000000000000        374.00000000000000       0.67878567006136703       0.40093986456636660       -764.72709140305574        2761.0024359547342        9.4270842977481024        52.591855204134880        32.654462400000000        28.900367267581547     
   0.0000000000000000        376.00000000000000       0.63661562295619623       0.39966241613363873       -783.85276070258283        2860.9495745066010        9.6936232319393199        47.311289091143038        32.814907200000000        29.060931710755739     
   0.0000000000000000        378.00000000000000       0.60733002210810283       0.39860410388430012       -803.48232479191972        2950.6321592046902        9.9315197989328308        42.561249693733409        32.975352000000001        29.221495075187395     
   0.0000000000000000        380.00000000000000       0.58829838289227643       0.39778988208067922       -823.56351194098443        3032.0914997079067        10.146460556970768        39.128148382323936        33.135796800000001        29.382057373721565     
   0.0000000000000000        382.00000000000000       0.57626740951847999       0.39717857089668995       -844.05771206089662        3107.9858977168610        10.345663899941774        36.948876220895805        33.296241599999995        29.542618619005854     
   0.0000000000000000        384.00000000000000       0.56862142129822346       0.39671436995906317       -864.93962236282437        3180.4939258891609        10.534983198572878        35.681362047384859        33.456686400000002        29.703178823494277     
   0.0000000000000000        386.00000000000000       0.56359992197167763       0.39634975003586470       -886.19372739633639        3251.0992808201909        10.718375668954733        34.999161727813963        33.617131200000003        29.863737999451043     
   0.0000000000000000        388.00000000000000       0.56011876570334174       0.39605050136941550       -907.81082465657141        3320.7236235104970        10.898284660224403        34.669438484068579        33.777576000000003        30.024296158954215     
   0.0000000000000000        390.00000000000000       0.55754038607171674       0.39579391016158749       -929.78551615926233        3389.9125982531082        11.076149011313770        34.545019712938604        33.938020800000004        30.184853313899279     
   0.0000000000000000        392.00000000000000       0.55549833490021849       0.39556550850011785       -952.11461662435408        3458.9813193944096        11.252795755149908        34.538229251073439        34.098465600000004        30.345409476002679     
   0.0000000000000000        394.00000000000000       0.55378390034219516       0.39535626632895426       -974.79620531585897        3528.1096928650240        11.428695173047926        34.598410064131947        34.258910399999998        30.505964656805205     
   0.0000000000000000        396.00000000000000       0.55227816172701560       0.39516058598412612       -997.82907948516743        3597.4001314739576        11.604114169088700        34.696751883201010        34.419355199999998        30.666518867675329     
   0.0000000000000000        398.00000000000000       0.55091278484656114       0.39497498493233185       -1021.2124445907835        3666.9111463678250        11.779205002408563        34.816990495635878        34.579799999999999        30.827072119812470     
   0.0000000000000000        400.00000000000000       0.54964784012564483       0.39479726748088106       -1044.9457401057568        3736.6764982621953        11.954055595919881        34.949964234145313        34.740244799999999        30.987624424250122     
   0.0000000000000000        402.00000000000000       0.54845937614582274       0.39462601669774183       -1069.0285417915825        3806.7159990976029        12.128717763405934        35.090503301969697        34.900689600000000        31.148175791859021     
   0.0000000000000000        404.00000000000000       0.54733248804007983       0.39446028728641191       -1093.4605067654018        3877.0415728868797        12.303222969436339        35.235674621382891        35.061134399999993        31.308726233350111     
   0.0000000000000000        406.00000000000000       0.54625745326173347       0.39429942150967978       -1118.2413424386939        3947.6606506607463        12.477591116008472        35.383798085089850        35.221579200000001        31.469275759277551     
   0.0000000000000000        408.00000000000000       0.54522757225167384       0.39414293932444211       -1143.3707887695098        4018.5780736700208        12.651835447155712        35.533896919530285        35.382024000000001        31.629824380041562     
   0.0000000000000000        410.00000000000000       0.54423795536649910       0.39399047284188626       -1168.8486079567338        4089.7971636163575        12.825965296519735        35.685390890997795        35.542468800000002        31.790372105891269     
