   0.0000000000000000        280.00000000000000       0.97934468881497216       0.48626172442319815        359.20954868824623       -1113.5462142412578       -5.2598420104625143        17.949659595988585        15.491877299999999        14.542997068745887     
   0.0000000000000000        282.00000000000000       0.97935698822344652       0.49080382707313469        367.97763012899236       -1075.1891059352890       -5.1176125392350400        18.000988038624893        15.598385100000000        14.650019458101022     
   0.0000000000000000        284.00000000000000       0.97936919950228085       0.49522578414624274        376.44837451111755       -1036.7825748682919       -4.9761653147162317        18.047864419281328        15.704892899999999        14.757033819300066     
   0.0000000000000000        286.00000000000000       0.97938132125257138       0.49952530657923799        384.62403110490362       -998.33614997488792       -4.8355251086706001        18.092351114261568        15.811400700000000        14.864040320123614     
   0.0000000000000000        288.00000000000000       0.97939335230047653       0.50370289314140748        392.50688091289175       -959.85316398863688       -4.6956946003525308        18.136800643755258        15.917908500000001        14.971039123959706     
   0.0000000000000000        290.00000000000000       0.97940529167206369       0.50776201471577886        400.09917339846845       -921.33028101768912       -4.5566532910901989        18.183622285025816        16.024416299999999        15.078030389941715     
   0.0000000000000000        292.00000000000000       0.97941713857071022       0.51170902122102069        407.40306335700336       -882.75761339166513       -4.4183584820159876        18.235096880031634        16.130924099999998        15.185014273081233     
   0.0000000000000000        294.00000000000000       0.97942889235676467       0.51555285374820348        414.42055278200201       -844.11925954189928       -4.2807476609656501        18.293260726553530        16.237431900000001        15.291990924396103     
   0.0000000000000000        296.00000000000000       0.97944055252924966       0.51930465717297436        421.15344060608686       -805.39406474686098       -4.1437415721383370        18.359860136163892        16.343939700000000        15.398960491033833     
   0.0000000000000000        298.00000000000000       0.97945211870935855       0.52297737955586610        427.60328126105975       -766.55642144806779       -4.0072473245272731        18.436365726157181        16.450447499999999        15.505923116390600     
   0.0000000000000000        300.00000000000000       0.97946359062558364       0.52658542442740985        433.77135142392410       -727.57696479387221       -3.8711610540593213        18.524030585679576        16.556955299999998        15.612878940225954     
   0.0000000000000000        302.00000000000000       0.97947496810028389       0.53014439990016493        439.65862320806252       -688.42306278276669       -3.7353698211616866        18.623977581393060        16.663463099999998        15.719828098773499     
   0.0000000000000000        304.00000000000000       0.97948625103755571       0.53367099080530733        445.26574137195166       -649.05903520123263       -3.5997525545170532        18.737305951698563        16.769970900000001        15.826770724847597     
   0.0000000000000000        306.00000000000000       0.97949743941225964       0.53718297000295401        450.59300170983829       -609.44605389429478       -3.4641799202749444        18.865214043611850        16.876478700000000        15.933706947946360     
   0.0000000000000000        308.00000000000000       0.97950853326007947       0.54069936380806549        455.64032747783489       -569.54167547839893       -3.3285129966111486        19.009142446311746        16.982986499999999        16.040636894351010     
   0.0000000000000000        310.00000000000000       0.97951953266849545       0.54424079423580884        460.40724030517316       -529.29893513174147       -3.1926005659255310        19.170949510732473        17.089494300000002        16.147560687221784     
   0.0000000000000000        312.00000000000000       0.97953043776852333       0.54783003745693570        464.89282135553270       -488.66488557213870       -3.0562747016912550        19.353139417591638        17.196002100000001        16.254478446690499     
   0.0000000000000000        314.00000000000000       0.97954124872705484       0.55149286360571537        469.09565734919312       -447.57839731366317       -2.9193441231301156        19.559171701024734        17.302509900000000        16.361390289949941     
   0.0000000000000000        316.00000000000000       0.97955196573952286       0.55525925801117049        473.01376424309569       -405.96694353401654       -2.7815845182820005        19.793890071867764        17.409017700000003        16.468296331340174     
   0.0000000000000000        318.00000000000000       0.97956258902237581       0.55916516719225795        476.64447871086611       -363.74197675821324       -2.6427247027329539        20.064115853476583        17.515525499999999        16.575196682431873     
   0.0000000000000000        320.00000000000000       0.97957311880438291       0.56325496091268556        479.98430393793768       -320.79237411122404       -2.5024271189036300        20.379453254638271        17.622033299999998        16.682091452106885     
   0.0000000000000000        322.00000000000000       0.97958355531474883       0.56758484450759161        483.02869166697366       -276.97530876848060       -2.3602608709175597        20.753341859687886        17.728541099999997        16.788980746635985     
   0.0000000000000000        324.00000000000000       0.97959389876390779       0.57222747268504437        485.77173725606013       -232.10385411318109       -2.2156654054606211        21.204351569547946        17.835048900000000        16.895864669754072     
   0.0000000000000000        326.00000000000000       0.97960414930869533       0.57727796759227956        488.20575977964370       -185.93075306026449       -2.0679034136193502        21.757623061525500        17.941556700000000        17.002743322732819     
   0.0000000000000000        328.00000000000000       0.97961430698541230       0.58286136113220000        490.32073714382523       -138.12828064233437       -1.9160031030065843        22.446175056377921        18.048064499999999        17.109616804450894     
   0.0000000000000000        330.00000000000000       0.97962437157901994       0.58914104582498072        492.10357107550061       -88.265323075678666       -1.7586936186399373        23.311463349127223        18.154572300000002        17.216485211461865     
   0.0000000000000000        332.00000000000000       0.97963434236945945       0.59632691285393802        493.53717645902475       -35.785281069350347       -1.5943447515914910        24.401953252927328        18.261080100000001        17.323348638059848     
   0.0000000000000000        334.00000000000000       0.97964421765067811       0.60468004762515748        494.59943813996921        20.006686139282856       -1.4209363832355879        25.767286504589531        18.367587900000000        17.430207176342996     
   0.0000000000000000        336.00000000000000       0.97965399385019292       0.61450734292505138        495.26218258252931        79.929193787729588       -1.2361100856988088        27.443568239153720        18.474095699999996        17.537060916274932     
   0.0000000000000000        338.00000000000000       0.97966366399382621       0.62613338550261732        495.49051513420642        144.84932038403480       -1.0373999844679633        29.423128774239668        18.580603500000002        17.643909945744142     
   0.0000000000000000        340.00000000000000       0.97967321520027950       0.63983051912765032        495.24321119631549        215.49628785054927      -0.82278506866401835        31.605269797751362        18.687111299999998        17.750754350621449     
   0.0000000000000000        342.00000000000000       0.97968262495193981       0.65569310616490750        494.47521770171068        292.12820026277501      -0.59165794572788222        33.745936160985337        18.793619099999997        17.857594214815691     
   0.0000000000000000        344.00000000000000       0.97969185623918231       0.67348244537062951        493.14322387898619        374.12290677951665      -0.34598929389380673        35.466666019067929        18.900126900000000        17.964429620327508     
   0.0000000000000000        346.00000000000000       0.97970085246539540       0.69254385719380784        491.21387270189422        459.76135317632236       -9.0903235623040021E-002   36.389697222124354        19.006634699999999        18.071260647301500     
   0.0000000000000000        348.00000000000000       0.97970953410641948       0.71191829184532107        488.67160787939247        546.52541422286913       0.16624656995251907        36.349340139796091        19.113142499999999        18.178087374076675     
   0.0000000000000000        350.00000000000000       0.97971779985379603       0.73063384593153413        485.52185497478189        631.86973757870715       0.41813680743978643        35.488126495065522        19.219650300000001        18.284909877235300     
   0.0000000000000000        352.00000000000000       0.97972553428565734       0.74798414612536168        481.78774538135411        713.95592100591023       0.65956868075157982        34.138853721661519        19.326158100000001        18.391728231650255     
   0.0000000000000000        354.00000000000000       0.97973262168419706       0.76362562058361072        477.50287688939051        791.90444154785109       0.88814001315949331        32.630311552235369        19.432665900000000        18.498542510530818     
   0.0000000000000000        356.00000000000000       0.97973896286789974       0.77750954549625384        472.70414595367760        865.60788231160620        1.1036621807806986        31.181756665095310        19.539173700000003        18.605352785467119     
   0.0000000000000000        358.00000000000000       0.97974449097247818       0.78976118204536450        467.42692695047464        935.40596437305180        1.3072040151468636        29.900434164278334        19.645681499999998        18.712159126473125     
   0.0000000000000000        360.00000000000000       0.97974918341473849       0.80058046994900434        461.70271287545251        1001.8220886917212        1.5003315994896353        28.817791913739025        19.752189300000001        18.818961602028338     
   0.0000000000000000        362.00000000000000       0.97975306901868742       0.81017945691383875        455.55844553506847        1065.4013435136003        1.6846488894434581        27.922724889035653        19.858697099999997        18.925760279118194     
   0.0000000000000000        364.00000000000000       0.97975622983784183       0.81874811694207106        449.01678985419193        1126.6254730474550        1.8615623164650084        27.183868829459218        19.965204900000000        19.032555223273242     
   0.0000000000000000        366.00000000000000       0.97975879688780521       0.82643942596054254        442.09684607782384        1185.8781468705770        2.0321893464282872        26.564086299302410        20.071712699999999        19.139346498607079     
   0.0000000000000000        368.00000000000000       0.97976093920803431       0.83336750446788266        434.81497727277093        1243.4428841314959        2.1973584425508830        26.029726381648356        20.178220499999998        19.246134167853175     
   0.0000000000000000        370.00000000000000       0.97976284708161887       0.83961392440947746        427.18555291024774        1299.5206459676735        2.3576624136687188        25.555618255279345        20.284728300000001        19.352918292400584     
   0.0000000000000000        372.00000000000000       0.97976471219718442       0.84523777112123355        419.22150541639729        1354.2560844579270        2.5135338146277681        25.126441320932493        20.391236100000000        19.459698932328521     
   0.0000000000000000        374.00000000000000       0.97976670876251282       0.85028584198430823        410.93467458177713        1407.7636365366848        2.6653180800933360        24.735444753154109        20.497743900000000        19.566476146439971     
   0.0000000000000000        376.00000000000000       0.97976897927068263       0.85480063025805553        402.33596982659293        1460.1477964890919        2.8133293262300505        24.381759070276917        20.604251700000003        19.673249992294267     
   0.0000000000000000        378.00000000000000       0.97977162697460274       0.85882515394035608        393.43540842652658        1511.5153442357525        2.9578834280667352        24.067472966069030        20.710759500000002        19.780020526238665     
   0.0000000000000000        380.00000000000000       0.97977471505820724       0.86240483522793177        384.24209140035509        1561.9801044083365        3.0993105605473197        23.795279134751720        20.817267299999997        19.886787803439031     
   0.0000000000000000        382.00000000000000       0.97977827092544323       0.86558727899083254        374.76416604678502        1611.6623867036114        3.2379534572168236        23.567020768739177        20.923775100000000        19.993551877909617     
   0.0000000000000000        384.00000000000000       0.97978229338708023       0.86842094431459227        365.00880499400506        1660.6856138059447        3.3741583562810931        23.383090446531796        21.030282900000000        20.100312802541900     
   0.0000000000000000        386.00000000000000       0.97978676069902326       0.87095352162096795        354.98221385845244        1709.1721889077080        3.5082641840654292        23.242434908086683        21.136790699999999        20.207070629132691     
   0.0000000000000000        388.00000000000000       0.97979163801466373       0.87323052255609734        344.68966714886221        1757.2398899478176        3.6405933577292662        23.142884352579738        21.243298499999998        20.313825408411304     
   0.0000000000000000        390.00000000000000       0.97979688349377048       0.87529430629331939        334.13556549395571        1804.9993637399386        3.7714456365281612        23.081583580615852        21.349806300000001        20.420577190066016     
   0.0000000000000000        392.00000000000000       0.97980245284803247       0.87718356865269120        323.32350532289365        1852.5527927429209        3.9010951209694578        23.055388006077127        21.456314100000000        20.527326022769746     
   0.0000000000000000        394.00000000000000       0.97980830243570116       0.87893321416183567        312.25635297172499        1899.9935339520928        4.0297897994425576        23.061161098206107        21.562821899999999        20.634071954204959     
   0.0000000000000000        396.00000000000000       0.97981439117209912       0.88057449256840803        300.93631729042960        1947.4064262555287        4.1577528004169171        23.095958083220804        21.669329700000002        20.740815031087919     
   0.0000000000000000        398.00000000000000       0.97982068155770230       0.88213528235798788        289.36501718591899        1994.8684600416552        4.2851845297882818        23.157105859299474        21.775837500000002        20.847555299192194     
   0.0000000000000000        400.00000000000000       0.97982714009622940       0.88364042279356902        277.54354264544457        2042.4495465416192        4.4122650097404366        23.242198595162666        21.882345300000001        20.954292803371519     
   0.0000000000000000        402.00000000000000       0.97983373732071399       0.88511201978811482        265.47250945618026        2090.2131816510923        4.5391559009823679        23.349029831537703        21.988853099999996        21.061027587582014     
   0.0000000000000000        404.00000000000000       0.97984044758823430       0.88656967355053218        253.15210905366484        2138.2168551033774        4.6660018466577053        23.475480457843918        22.095360899999999        21.167759694903776     
   0.0000000000000000        406.00000000000000       0.97984724875444229       0.88803059597137735        240.58215573452810        2186.5121079480368        4.7929309167820415        23.619380852576818        22.201868699999999        21.274489167561832     
   0.0000000000000000        408.00000000000000       0.97985412180038867       0.88950960406032753        227.76213389300494        2235.1441926212956        4.9200540655105165        23.778366141644696        22.308376499999998        21.381216046946577     
   0.0000000000000000        410.00000000000000       0.97986105045599459       0.89101899407288154        214.69124798806723        2284.1513456547159        5.0474636528454857        23.949745968501386        22.414884300000001        21.487940373633556     
   0.0000000000000000        412.00000000000000       0.97986802084504054       0.89256832048792956        201.36847758972237        2333.5637468989230        5.1752312361873800        24.130413283631444        22.521392100000000        21.594662187402776     
   0.0000000000000000        414.00000000000000       0.97987502116352232       0.89416412460653871        187.79263904902010        2383.4023102676401        5.3034050029435269        24.316818412608640        22.627899899999999        21.701381527257425     
   0.0000000000000000        416.00000000000000       0.97988204139499080       0.89580967719369242        173.96245407643846        2433.6775220934578        5.4320073750409126        24.505032452730887        22.734407700000002        21.808098431442126     
   0.0000000000000000        418.00000000000000       0.97988907306147188       0.89750481421371209        159.87662385889240        2484.3885997318098        5.5610334351026722        24.690915490565359        22.840915500000001        21.914812937460642     
   0.0000000000000000        420.00000000000000       0.97989610900587087       0.89924594894513132        145.53390547252476        2535.5232655580298        5.6904508573464412        24.870389235684655        22.947423299999997        22.021525082093138     
   0.0000000000000000        422.00000000000000       0.97990314320088190       0.90102633261300036        130.93318555448172        2587.0584011458295        5.8202019326809191        25.039792068721717        23.053931100000000        22.128234901412974     
   0.0000000000000000        424.00000000000000       0.97991017057953189       0.90283660691501832        116.07354486732513        2638.9617533611222        5.9502080389004659        25.196272021956208        23.160438899999999        22.234942430802981     
   0.0000000000000000        426.00000000000000       0.97991718688366292       0.90466564812694328        100.95430690538844        2691.1947154686754        6.0803765459232073        25.338156922569848        23.266946699999998        22.341647704971404     
   0.0000000000000000        428.00000000000000       0.97992418852802277       0.90650165210295763        85.575064306808088        2743.7160292092976        6.2106097310805826        25.465237586104841        23.373454499999998        22.448350757967312     
   0.0000000000000000        430.00000000000000       0.97993117247913997       0.90833336445075541        69.935678561708627        2796.4860896579303        6.3408149095260962        25.578912647842795        23.479962300000000        22.555051623195670     
   0.0000000000000000        432.00000000000000       0.97993813614917646       0.91015133217805155        54.036251081134445        2849.4714256168190        6.4709147558696412        25.682169521643235        23.586470100000000        22.661750333431968     
   0.0000000000000000        434.00000000000000       0.97994507730543479       0.91194904892822803        37.877066630419790        2902.6489003741231        6.6008567597781180        25.779406707011990        23.692977899999999        22.768446920836489     
   0.0000000000000000        436.00000000000000       0.97995199399608335       0.91372388435854812        21.458512889943531        2956.0092294942169        6.7306209096428287        25.876127604704479        23.799485700000002        22.875141416968166     
   0.0000000000000000        438.00000000000000       0.97995888449205282       0.91547772048062315        4.7809820631017548        3009.5595151813859        6.8602249614572690        25.978546822318457        23.905993500000001        22.981833852798129     
   0.0000000000000000        440.00000000000000       0.97996574724437213       0.91721725104815599       -12.155238159591443        3063.3246062439066        6.9897269190988593        26.093144041994442        24.012501300000000        23.088524258722824     
   0.0000000000000000        442.00000000000000       0.97997258085560857       0.91895392250631891       -29.350076223962787        3117.3471663044970        7.1192245306073740        26.226181790251946        24.119009099999996        23.195212664576843     
   0.0000000000000000        444.00000000000000       0.97997938406375151       0.92070350021420500       -46.803782423351770        3171.6863464855996        7.2488516416868274        26.383180761670594        24.225516900000002        23.301899099645436     
   0.0000000000000000        446.00000000000000       0.97998615573677594       0.92248523322778153       -64.517019669137937        3226.4149168213048        7.3787711580503208        26.568331027273992        24.332024699999998        23.408583592676607     
   0.0000000000000000        448.00000000000000       0.97999289487617314       0.92432057509944554       -82.490929432197163        3281.6146498151188        7.5091642393913300        26.783821032119093        24.438532500000001        23.515266171893010     
   0.0000000000000000        450.00000000000000       0.97999960062763780       0.92623141470646531       -100.72716186342473        3337.3697364544250        7.6402153295952218        27.029098314616334        24.545040300000000        23.621946865003455     
   0.0000000000000000        452.00000000000000       0.98000627229659121       0.92823780249787002       -119.22785831857507        3393.7581361265061        7.7720929080643382        27.300140345412348        24.651548099999999        23.728625699214174     
   0.0000000000000000        454.00000000000000       0.98001290936529317       0.93035524442383988       -137.99557512970449        3450.8410998483068        7.9049265968678668        27.588902663101955        24.758055899999999        23.835302701239762     
   0.0000000000000000        456.00000000000000       0.98001951150698741       0.93259178546285637       -157.03314090372129        3508.6516944722480        8.0387825337192318        27.883196103909157        24.864563700000001        23.941977897313851     
   0.0000000000000000        458.00000000000000       0.98002607859132962       0.93494529509666624       -176.34344714776330        3567.1839150124970        8.1736405287341931        28.167273414643034        24.971071500000001        24.048651313199535     
   0.0000000000000000        460.00000000000000       0.98003261067523850       0.93740153480957888       -195.92918386932354        3626.3846600806446        8.3093779216303663        28.423316336877274        25.077579299999996        24.155322974199489     
   0.0000000000000000        462.00000000000000       0.98003910797500371       0.93993363468120239       -215.79254627881059        3686.1510768952216        8.4457654181256103        28.633775131325624        25.184087099999999        24.261992905165876     
   0.0000000000000000        464.00000000000000       0.98004557081943822       0.94250344007695808       -235.93495180755374        3746.3351839575212        8.5824787408730057        28.784171147643825        25.290594899999999        24.368661130509967     
   0.0000000000000000        466.00000000000000       0.98005199958930911       0.94506479022354239       -256.35681291660273        3806.7561507204955        8.7191265314100814        28.865675552183749        25.397102700000001        24.475327674211584     
   0.0000000000000000        468.00000000000000       0.98005839465316169       0.94756826158683416       -277.05740617814149        3867.2185377577111        8.8552904784954123        28.876708458990322        25.503610499999997        24.581992559828191     
   0.0000000000000000        470.00000000000000       0.98006475631176404       0.94996645810316893       -298.03486125086050        3927.5329838579419        8.9905698832102168        28.823059218332425        25.610118300000003        24.688655810503914     
   0.0000000000000000        472.00000000000000       0.98007108476144089       0.95221876433187924       -319.28626914127329        3987.5350942769478        9.1246215326657243        28.716521257470585        25.716626099999999        24.795317448978189     
   0.0000000000000000        474.00000000000000       0.98007738008113876       0.95429467517453448       -340.80788552016890        4047.0989782914967        9.2571874763959183        28.572522911507800        25.823133899999998        24.901977497594313     
   0.0000000000000000        476.00000000000000       0.98008364224170508       0.95617527673468095       -362.59538945515436        4106.1436432458322        9.3881072115566955        28.407485365177180        25.929641700000001        25.008635978307723     
   0.0000000000000000        478.00000000000000       0.98008987113093970       0.95785296587694302       -384.64415439919213        4164.6324614574205        9.5173150959343378        28.236573308320416        26.036149500000001        25.115292912694070     
   0.0000000000000000        480.00000000000000       0.98009606658604709       0.95932986710781643       -406.94949532545138        4222.5674159608507        9.6448268985131271        28.072223146194517        26.142657300000000        25.221948321957139     
   0.0000000000000000        482.00000000000000       0.98010222842596939       0.96061554917156899       -429.50686888978510        4279.9804445528953        9.7707205673084658        27.923512879082722        26.249165099999995        25.328602226936532     
   0.0000000000000000        484.00000000000000       0.98010835647854555       0.96172458937453398       -452.31201727388611        4336.9240326342415        9.8951158055953048        27.796210451219764        26.355672900000002        25.435254648115215     
   0.0000000000000000        486.00000000000000       0.98011445060016344       0.96267437040537451       -475.36105731158580        4393.4625930497114        10.018155659179623        27.693245371207450        26.462180699999998        25.541905605626788     
   0.0000000000000000        488.00000000000000       0.98012051068777872       0.96348331109207308       -498.65052321648807        4449.6654627053422        10.139991774429978        27.615362809279080        26.568688500000000        25.648555119262728     
   0.0000000000000000        490.00000000000000       0.98012653668443261       0.96416958451397372       -522.17737400485282        4505.6017632537605        10.260773749507376        27.561786547255512        26.675196300000000        25.755203208479315     
   0.0000000000000000        492.00000000000000       0.98013252857999444       0.96475028311335065       -545.93897667402837        4561.3369970708090        10.380642223058613        27.530792617807538        26.781704099999999        25.861849892404493     
   0.0000000000000000        494.00000000000000       0.98013848640868839       0.96524094588746534       -569.93307459991763        4616.9310651730038        10.499724979297412        27.520155405254840        26.888211899999998        25.968495189844482     
   0.0000000000000000        496.00000000000000       0.98014441024483312       0.96565535258036728       -594.15774843808254        4672.4373453144244        10.618135269662313        27.527465929063410        26.994719700000001        26.075139119290334     
   0.0000000000000000        498.00000000000000       0.98015030019780280       0.96600549891799248       -618.61137466742741        4727.9024979946316        10.735971631851525        27.550341044154155        27.101227500000000        26.181781698924247     
   0.0000000000000000        500.00000000000000       0.98015615640683851       0.96630168403811634       -643.29258510431089        4783.3667311651234        10.853318632538867        27.586548486970134        27.207735300000000        26.288422946625762     
