 #[Cden]    T   <prod_k=s^t m_k sigma_k> for all (s,t) intervals
   0.0000000000000000        280.00000000000000        0.0000000000000000        8.0567536661952576E-013
   0.0000000000000000        282.00000000000000        0.0000000000000000        2.4814202672653216E-012
   0.0000000000000000        284.00000000000000        0.0000000000000000        7.4884343375501441E-012
   0.0000000000000000        286.00000000000000        0.0000000000000000        2.2139391016031611E-011
   0.0000000000000000        288.00000000000000        0.0000000000000000        6.4141317028946231E-011
   0.0000000000000000        290.00000000000000        0.0000000000000000        1.8214319655583302E-010
   0.0000000000000000        292.00000000000000        0.0000000000000000        5.0708876848600383E-010
   0.0000000000000000        294.00000000000000        0.0000000000000000        1.3843162213765360E-009
   0.0000000000000000        296.00000000000000        0.0000000000000000        3.7063398220289833E-009
   0.0000000000000000        298.00000000000000        0.0000000000000000        9.7338305618102063E-009
   0.0000000000000000        300.00000000000000        0.0000000000000000        2.5079082970811757E-008
   0.0000000000000000        302.00000000000000        0.0000000000000000        6.3398604542922778E-008
   0.0000000000000000        304.00000000000000        0.0000000000000000        1.5726352578443557E-007
   0.0000000000000000        306.00000000000000        0.0000000000000000        3.8281167118588048E-007
   0.0000000000000000        308.00000000000000        0.0000000000000000        9.1446601792826294E-007
   0.0000000000000000        310.00000000000000        0.0000000000000000        2.1437731011088965E-006
   0.0000000000000000        312.00000000000000        0.0000000000000000        4.9318428989651376E-006
   0.0000000000000000        314.00000000000000        0.0000000000000000        1.1133594233277166E-005
   0.0000000000000000        316.00000000000000        0.0000000000000000        2.4661495282901561E-005
   0.0000000000000000        318.00000000000000        0.0000000000000000        5.3592943747225480E-005
   0.0000000000000000        320.00000000000000        0.0000000000000000        1.1424250464564318E-004
   0.0000000000000000        322.00000000000000        0.0000000000000000        2.3882679630899626E-004
   0.0000000000000000        324.00000000000000        0.0000000000000000        4.8948754999433679E-004
   0.0000000000000000        326.00000000000000        0.0000000000000000        9.8314268171628737E-004
   0.0000000000000000        328.00000000000000        0.0000000000000000        1.9338922422860107E-003
   0.0000000000000000        330.00000000000000        0.0000000000000000        3.7219492896870821E-003
   0.0000000000000000        332.00000000000000        0.0000000000000000        6.9982042470334797E-003
   0.0000000000000000        334.00000000000000        0.0000000000000000        1.2826016353039028E-002
   0.0000000000000000        336.00000000000000        0.0000000000000000        2.2835114535592879E-002
   0.0000000000000000        338.00000000000000        0.0000000000000000        3.9300398235618365E-002
   0.0000000000000000        340.00000000000000        0.0000000000000000        6.4960965247511396E-002
   0.0000000000000000        342.00000000000000        0.0000000000000000       0.10234049272407696     
   0.0000000000000000        344.00000000000000        0.0000000000000000       0.15253305803590855     
   0.0000000000000000        346.00000000000000        0.0000000000000000       0.21402480413857686     
   0.0000000000000000        348.00000000000000        0.0000000000000000       0.28262572415241188     
   0.0000000000000000        350.00000000000000        0.0000000000000000       0.35296331758297333     
   0.0000000000000000        352.00000000000000        0.0000000000000000       0.42051242411309647     
   0.0000000000000000        354.00000000000000        0.0000000000000000       0.48270797414076522     
   0.0000000000000000        356.00000000000000        0.0000000000000000       0.53879476122555703     
   0.0000000000000000        358.00000000000000        0.0000000000000000       0.58907456140626857     
   0.0000000000000000        360.00000000000000        0.0000000000000000       0.63421896687694179     
   0.0000000000000000        362.00000000000000        0.0000000000000000       0.67488451328700672     
   0.0000000000000000        364.00000000000000        0.0000000000000000       0.71158010541977257     
   0.0000000000000000        366.00000000000000        0.0000000000000000       0.74466902977892313     
   0.0000000000000000        368.00000000000000        0.0000000000000000       0.77441757328967276     
   0.0000000000000000        370.00000000000000        0.0000000000000000       0.80104480699395053     
   0.0000000000000000        372.00000000000000        0.0000000000000000       0.82475708057105934     
   0.0000000000000000        374.00000000000000        0.0000000000000000       0.84576561148844698     
   0.0000000000000000        376.00000000000000        0.0000000000000000       0.86429131272034443     
   0.0000000000000000        378.00000000000000        0.0000000000000000       0.88056205018486655     
   0.0000000000000000        380.00000000000000        0.0000000000000000       0.89480658670159974     
   0.0000000000000000        382.00000000000000        0.0000000000000000       0.90724802083609823     
   0.0000000000000000        384.00000000000000        0.0000000000000000       0.91809823480543140     
   0.0000000000000000        386.00000000000000        0.0000000000000000       0.92755394254263357     
   0.0000000000000000        388.00000000000000        0.0000000000000000       0.93579437269092192     
   0.0000000000000000        390.00000000000000        0.0000000000000000       0.94298034426816746     
   0.0000000000000000        392.00000000000000        0.0000000000000000       0.94925439648924459     
   0.0000000000000000        394.00000000000000        0.0000000000000000       0.95474163893574726     
   0.0000000000000000        396.00000000000000        0.0000000000000000       0.95955103947655529     
   0.0000000000000000        398.00000000000000        0.0000000000000000       0.96377693255320429     
   0.0000000000000000        400.00000000000000        0.0000000000000000       0.96750059275796252     
   0.0000000000000000        402.00000000000000        0.0000000000000000       0.97079177094024283     
   0.0000000000000000        404.00000000000000        0.0000000000000000       0.97371013072146484     
   0.0000000000000000        406.00000000000000        0.0000000000000000       0.97630655325513227     
   0.0000000000000000        408.00000000000000        0.0000000000000000       0.97862429927625438     
   0.0000000000000000        410.00000000000000        0.0000000000000000       0.98070003194319422     
   0.0000000000000000        412.00000000000000        0.0000000000000000       0.98256471331717310     
   0.0000000000000000        414.00000000000000        0.0000000000000000       0.98424439266429598     
   0.0000000000000000        416.00000000000000        0.0000000000000000       0.98576090673611283     
   0.0000000000000000        418.00000000000000        0.0000000000000000       0.98713251111565192     
   0.0000000000000000        420.00000000000000        0.0000000000000000       0.98837445790540623     
   0.0000000000000000        422.00000000000000        0.0000000000000000       0.98949952905539473     
   0.0000000000000000        424.00000000000000        0.0000000000000000       0.99051852754517800     
   0.0000000000000000        426.00000000000000        0.0000000000000000       0.99144072197805833     
   0.0000000000000000        428.00000000000000        0.0000000000000000       0.99227423560588335     
   0.0000000000000000        430.00000000000000        0.0000000000000000       0.99302636967061353     
   0.0000000000000000        432.00000000000000        0.0000000000000000       0.99370385358445390     
   0.0000000000000000        434.00000000000000        0.0000000000000000       0.99431302007475786     
   0.0000000000000000        436.00000000000000        0.0000000000000000       0.99485991028310372     
   0.0000000000000000        438.00000000000000        0.0000000000000000       0.99535031994350309     
   0.0000000000000000        440.00000000000000        0.0000000000000000       0.99578980162509745     
   0.0000000000000000        442.00000000000000        0.0000000000000000       0.99618363896424733     
   0.0000000000000000        444.00000000000000        0.0000000000000000       0.99653680713533310     
   0.0000000000000000        446.00000000000000        0.0000000000000000       0.99685393047896520     
   0.0000000000000000        448.00000000000000        0.0000000000000000       0.99713924440109025     
   0.0000000000000000        450.00000000000000        0.0000000000000000       0.99739656540236532     
   0.0000000000000000        452.00000000000000        0.0000000000000000       0.99762927104391763     
   0.0000000000000000        454.00000000000000        0.0000000000000000       0.99784029098842497     
   0.0000000000000000        456.00000000000000        0.0000000000000000       0.99803211068271769     
   0.0000000000000000        458.00000000000000        0.0000000000000000       0.99820679003970958     
   0.0000000000000000        460.00000000000000        0.0000000000000000       0.99836599961656280     
   0.0000000000000000        462.00000000000000        0.0000000000000000       0.99851107532781591     
   0.0000000000000000        464.00000000000000        0.0000000000000000       0.99864308936239277     
   0.0000000000000000        466.00000000000000        0.0000000000000000       0.99876293049148845     
   0.0000000000000000        468.00000000000000        0.0000000000000000       0.99887138321416036     
   0.0000000000000000        470.00000000000000        0.0000000000000000       0.99896919422474317     
   0.0000000000000000        472.00000000000000        0.0000000000000000       0.99905711743111081     
   0.0000000000000000        474.00000000000000        0.0000000000000000       0.99913593428246705     
   0.0000000000000000        476.00000000000000        0.0000000000000000       0.99920645217921678     
   0.0000000000000000        478.00000000000000        0.0000000000000000       0.99926948793518278     
   0.0000000000000000        480.00000000000000        0.0000000000000000       0.99932584455413975     
   0.0000000000000000        482.00000000000000        0.0000000000000000       0.99937628834135328     
   0.0000000000000000        484.00000000000000        0.0000000000000000       0.99942153081481488     
   0.0000000000000000        486.00000000000000        0.0000000000000000       0.99946221724348061     
   0.0000000000000000        488.00000000000000        0.0000000000000000       0.99949892167086984     
   0.0000000000000000        490.00000000000000        0.0000000000000000       0.99953214718875072     
   0.0000000000000000        492.00000000000000        0.0000000000000000       0.99956232986255866     
   0.0000000000000000        494.00000000000000        0.0000000000000000       0.99958984480821522     
   0.0000000000000000        496.00000000000000        0.0000000000000000       0.99961501323184598     
   0.0000000000000000        498.00000000000000        0.0000000000000000       0.99963810960176125     
   0.0000000000000000        500.00000000000000        0.0000000000000000       0.99965936843739767     
