   0.0000000000000000        15.000000000000000       0.99498490408788665       0.97935949855463034       -3014.3959520772778       -3186.1608118299209       -11.450990650176223        2.0581166319648498        2.0940768000000007       -3.1890613964868875     
   0.0000000000000000        25.000000000000000       0.99560461115023702       0.97996542094054018       -2831.1566281160772       -3161.6502535239624       -13.219745016315418        2.8510077783465113        2.8919807999999989       -2.3960891905783988     
   0.0000000000000000        35.000000000000000       0.99588028731177880       0.98018990020389984       -2661.6024752844723       -3129.1680885278151       -13.359017521238366        3.6479652113412859        3.6898848000000011       -1.5886131618307013     
   0.0000000000000000        45.000000000000000       0.99573515606438689       0.97990898554819428       -2504.0517955289906       -3088.6945720253530       -12.992061699919160        4.4588512686979387        4.4877887999999997      -0.78063410472822203     
   0.0000000000000000        55.000000000000000       0.99323196918462009       0.97639074367925982       -2357.6965505734429       -3039.8064477577745       -12.401998130624211        5.3825771514783298        5.2856927999999979        2.5829989700015772E-002
   0.0000000000000000        65.000000000000000       0.98966578277376693       0.97041595426344962       -2222.1992371082702       -2982.2155675544691       -11.692558929941523        6.2480544333386296        6.0835968000000005       0.83078517964161491     
   0.0000000000000000        75.000000000000000       0.98867651192939809       0.96782762239639630       -2097.0546751334796       -2917.2401845474242       -10.935806792185925        6.9689592752139538        6.8815008000000013        1.6345406541299778     
   0.0000000000000000        85.000000000000000       0.98860456963787291       0.96685214450492851       -1981.7784776800577       -2844.7547167187699       -10.152661635749554        7.7154483572630301        7.6794047999999995        2.4373830606981803     
   0.0000000000000000        95.000000000000000       0.98865321240772619       0.96600260326730625       -1876.1057601919933       -2764.2853703623350       -9.3492590544246461        8.5051609865490487        8.4773087999999994        3.2395298825548431     
   0.0000000000000000        105.00000000000000       0.98883403756928168       0.96480807432145244       -1779.8818023941433       -2675.5316378484063       -8.5299984328977434        9.3259767831842897        9.2752128000000003        4.0411384134149095     
   0.0000000000000000        115.00000000000000       0.98930116767066767       0.96294329682382085       -1693.0058181287704       -2578.2909101178661       -7.6981312346877893        10.170978831399804        10.073116800000001        4.8423217734999122     
   0.0000000000000000        125.00000000000000       0.99015820636775931       0.95960719035765518       -1615.4153186515771       -2472.2670933719951       -6.8548141977633437        11.057563508628812        10.871020799999998        5.6431621439622726     
   0.0000000000000000        135.00000000000000       0.99142454311544270       0.95297658393217677       -1547.0957628098533       -2356.9253040065414       -5.9987373421976908        11.990039735331033        11.668924799999999        6.4437202349622114     
   0.0000000000000000        145.00000000000000       0.99290768400594387       0.94118067793160676       -1488.0705363733662       -2232.1939817278230       -5.1318858300307353        12.863830950607399        12.466828800000000        7.2440417704971258     
   0.0000000000000000        155.00000000000000       0.99417699291723471       0.92451872887992703       -1438.3221752209604       -2099.1153130885787       -4.2631815346297968        13.677206770197600        13.264732800000001        8.0441618831490640     
   0.0000000000000000        165.00000000000000       0.99504830424817725       0.86055847017505827       -1397.9947827503740       -1939.9579301384197       -3.2846251356851250        23.953327826611080        14.062636800000000        8.8441081017732710     
   0.0000000000000000        175.00000000000000       0.99564424566805887       0.46377989330307179       -1373.5206690584932       -1664.4490709987977       -1.6624480110874533        13.233887928756230        14.860540799999999        9.6439024021831781     
   0.0000000000000000        185.00000000000000       0.99566473533531608       0.44306303564242189       -1359.8077474879412       -1537.4148483256370      -0.96003838290646415        12.790114999288992        15.658444800000000        10.443562632792736     
   0.0000000000000000        195.00000000000000       0.99568119861563864       0.42768497142494061       -1353.1838966806763       -1405.7106879817684      -0.26936816051842083        13.491191777697871        16.456348800000001        11.243103520067997     
   0.0000000000000000        205.00000000000000       0.99569532566943475       0.41057227848777955       -1353.6117472626549       -1267.2297978962429       0.42137536276298576        14.140290389711895        17.254252800000000        12.042537388427093     
   0.0000000000000000        215.00000000000000       0.99570581736796315       0.39490787777951292       -1361.0547664464416       -1122.5892953360674        1.1091417260947636        14.753061411012290        18.052156799999999        12.841874683664624     
   0.0000000000000000        225.00000000000000       0.99571243241276119       0.38462188914791384       -1375.4614810381379       -971.76042302290659        1.7942269245121392        15.411729791482792        18.850060799999998        13.641124359396596     
   0.0000000000000000        235.00000000000000       0.99571547558192841       0.38209196101811477       -1396.8068471608897       -813.91170165795609        2.4804048744805685        16.173908832703834        19.647964800000000        14.440294166706600     
   0.0000000000000000        245.00000000000000       0.99571524962317703       0.38718145015713090       -1425.1169120715115       -647.88059101935335        3.1723931471516660        17.041857501694953        20.445868800000000        15.239390874451846     
   0.0000000000000000        255.00000000000000       0.99571195826304004       0.39778939311991901       -1460.4644867896784       -472.73311764272933        3.8734563495958785        17.975763487413012        21.243772799999999        16.038420439223668     
   0.0000000000000000        265.00000000000000       0.99570580929460262       0.41122411403111059       -1502.9466276703397       -288.03735083078158        4.5845633088285211        18.927007041707128        22.041676800000001        16.837388138263979     
   0.0000000000000000        275.00000000000000       0.99569713282423855       0.42518724866086016       -1552.6609843935423       -93.827398548267354        5.3048494030737272        19.859156127661489        22.839580800000000        17.636298674766842     
   0.0000000000000000        285.00000000000000       0.99568638223001482       0.43813557525538116       -1609.6903639537975        109.57654783755699        6.0325154799696650        20.755623298052271        23.637484799999996        18.435156262330743     
   0.0000000000000000        295.00000000000000       0.99567391194632693       0.44939195956426969       -1674.0975915619347        321.80069234426679        6.7657568945972928        21.622080329437107        24.435388799999998        19.233964693473826     
   0.0000000000000000        305.00000000000000       0.99565938452612046       0.45912460147243667       -1745.9298432726032        542.64657191464084        7.5035292301221119        22.484554164063304        25.233292799999997        20.032727395820530     
   0.0000000000000000        315.00000000000000       0.99563864846017291       0.46850526051818803       -1825.2311967397998        772.41093363837467        8.2464829535815074        23.424383615820545        26.031196800000000        20.831447478641188     
   0.0000000000000000        325.00000000000000       0.99556848135530807       0.48364309151959189       -1912.0861738358496        1014.3063810558808        9.0042847842822464        25.132877237438478        26.829100799999999        21.630127771758861     
   0.0000000000000000        335.00000000000000       0.99487072447421077       0.56256859047436714       -2007.0301946473417        1304.2620568427858        9.8844544820600824        34.977630977935725        27.627004800000002        22.428770858354021     
   0.0000000000000000        345.00000000000000       0.99168307079798601       0.82555903251347118       -2113.1943712328275        1734.6532491843041        11.153181508455454        40.424783702056416        28.424908800000001        23.227379102841414     
   0.0000000000000000        355.00000000000000       0.98964648029666402       0.91840507357617318       -2231.5511779124431        2082.5325504955640        12.152348530726782        30.828913332355498        29.222812799999996        24.025954674730215     
   0.0000000000000000        365.00000000000000       0.98845245121428671       0.93234771096588509       -2359.0800507105860        2387.4409100050570        13.004167015659295        30.422533236964618        30.020716799999995        24.824499569180791     
   0.0000000000000000        375.00000000000000       0.98734650718064731       0.93797870600875177       -2495.1230268076938        2694.9149438368772        13.840101255052190        31.062864124062656        30.818620799999998        25.623015624822106     
   0.0000000000000000        385.00000000000000       0.98627632183820946       0.94176374897982074       -2639.5937930522805        3009.4041608224015        14.672721958116057        31.817799361352662        31.616524800000001        26.421504539279937     
   0.0000000000000000        395.00000000000000       0.98525604702594083       0.94464702338123230       -2792.4633403460425        3331.5057344591814        15.503719176722086        32.592756156915208        32.414428799999996        27.219967882777937     
   0.0000000000000000        405.00000000000000       0.98430104162763388       0.94690979066191083       -2953.7124242432051        3661.3357520590039        16.333452287165947        33.371144349422778        33.212332799999999        28.018407110105706     
   0.0000000000000000        415.00000000000000       0.98342083894392862       0.94869446707822336       -3123.3245134456020        3998.9197905360948        17.162034467425777        34.150104757177438        34.010236799999994        28.816823571194096     
   0.0000000000000000        425.00000000000000       0.98261917164725454       0.95010191987779824       -3301.2844410805892        4344.2707181485102        17.989541551127292        34.929765775402217        34.808140799999997        29.615218520496107     
   0.0000000000000000        435.00000000000000       0.98189541175457917       0.95121273229407688       -3487.5782099969506        4697.4043752328062        18.816051920068411        35.710665061789065        35.606044799999999        30.413593125337762     
   0.0000000000000000        445.00000000000000       0.98124610597983186       0.95209233076427047       -3682.1929829841156        5058.3402702018611        19.641647759968489        36.493161544646398        36.403948800000002        31.211948473376292     
   0.0000000000000000        455.00000000000000       0.98066621438231072       0.95279313596751225       -3885.1170492298834        5427.0993982792270        20.466409774745298        37.277380548188717        37.201852799999998        32.010285579281302     
   0.0000000000000000        465.00000000000000       0.98014998624796301       0.95335644452965995       -4096.3397460966307        5803.7022843032273        21.290412968601846        38.063281189014909        37.999756799999993        32.808605390736403     
   0.0000000000000000        475.00000000000000       0.97969152538169468       0.95381434319809166       -4315.8513544432562        6188.1678002524623        22.113724536201513        38.850729969878934        38.797660799999996        33.606908793844603     
   0.0000000000000000        485.00000000000000       0.97928512596330597       0.95419152190024104       -4543.6429864415268        6580.5126364941298        22.936403346259091        39.639553979669905        39.595564799999998        34.405196618008212     
   0.0000000000000000        495.00000000000000       0.97892545313707380       0.95450686409022767       -4779.7064780767714        6980.7511960363790        23.758500351743734        40.429573336608279        40.393468800000001        35.203469640344416     
