1 2 3.7833935824864904
1 3 7.044087520750998
1 4 10.57149544766491
1 5 13.217023038490927
1 6 16.874704708527492
1 7 19.984334514814343
1 8 22.90643335397285
1 9 26.13752187947434
1 10 28.28688567163236
1 11 28.923927568710305
1 12 28.461955115557323
1 13 29.997243840059706
1 14 28.463156167227837
1 15 30.607726312158505
1 16 29.06974201811911
1 17 27.90156535035266
1 18 24.312082531120197
1 19 24.207533765338425
1 20 23.379881565140572
1 21 25.662061257817932
1 22 24.639669498595143
1 23 26.371002730271744
1 24 26.778616730518394
1 25 24.170454732999954
1 26 21.577302750807384
1 27 17.942729864766953
1 28 15.73651457597901
1 29 12.028052793366012
1 30 11.347098571881713
1 31 8.389534313655318
1 32 8.347691537185595
1 33 9.574085126005517
1 34 12.578659944525095
1 35 13.607091019023866
1 36 13.306625041685065
1 37 15.482073439949835
1 38 17.930515720413627
1 39 18.340101362860565
1 40 17.121240404830488
1 41 16.90123178942884
1 42 18.278898982159724
1 43 17.210489417794022
1 44 18.619718392070276
1 45 15.922812408616762
1 46 18.17763004354528
1 47 20.98276659547067
1 48 20.293152958572012
1 49 24.09194462885883
1 50 24.116820540859024
1 51 21.409487523058555
1 52 23.538024853415376
1 53 21.811316443534533
1 54 18.18380402996028
1 55 16.707946881648866
1 56 14.598954311867681
1 57 14.78512269140841
1 58 17.5591055011353
1 59 16.45636074592435
1 60 20.172996059088494
1 61 21.68965048127793
1 62 19.208053024708153
1 63 19.966614560310415
1 64 17.897717061122627
1 65 19.540899288415567
1 66 20.766993908604103
1 67 21.89951933262463
1 68 23.706485483934557
1 69 22.244357958817332
1 70 25.62448674607942
1 71 25.35092773450313
1 72 22.336718783205377
1 73 21.27000209214846
1 74 18.016594739295215
1 75 17.267923818455994
1 76 14.144850122924593
1 77 10.394949446726516
1 78 8.600329819256928
1 79 5.938665927630546
1 80 5.315615674594989
1 81 7.240048480500663
1 82 9.556396653550962
1 83 13.08849024906998
2 3 3.772659804435064
2 4 6.958821380090168
2 5 9.652071746521576
2 6 13.341985759248885
2 7 16.532198553126563
2 8 19.593608498691612
2 9 22.667964377067477
2 10 24.997319016246525
2 11 25.920571617925408
2 12 25.694063866971298
2 13 27.56183384682522
2 14 26.326210893328348
2 15 28.5607942641657
2 16 27.409603681921418
2 17 26.587553892752155
2 18 23.04457641181543
2 19 22.396459809532402
2 20 21.388336003532398
2 21 23.35444820585578
2 22 21.930903082180635
2 23 23.532081038446222
2 24 23.63386064526911
2 25 21.0193420686757
2 26 18.676067064561533
2 27 14.955282812437888
2 28 12.866985194675559
2 29 9.255711804069962
2 30 8.814550300497473
2 31 6.746391702236097
2 32 6.627683833738601
2 33 9.248156194615232
2 34 11.590725818515427
2 35 11.896239952186573
2 36 12.360539672684201
2 37 14.9815711125369
2 38 16.705068961246468
2 39 17.128383023508086
2 40 15.218313769928653
2 41 15.155544299034597
2 42 16.106887812361514
2 43 14.422475272989727
2 44 15.68825082665369
2 45 12.702119665630617
2 46 14.656611102161376
2 47 17.56759291991934
2 48 16.993248600547226
2 49 20.815463939100663
2 50 21.059216272216783
2 51 18.61767190064322
2 52 20.81440109635634
2 53 19.33832748714325
2 54 15.740639186513361
2 55 14.79356596632469
2 56 12.602945370031566
2 57 13.014642446106617
2 58 15.394216868681566
2 59 14.396737060875985
2 60 17.98045419337343
2 61 19.857282518008354
2 62 17.898476192123177
2 63 18.601872002570065
2 64 16.61991946430548
2 65 17.995628858142194
2 66 18.79773717764987
2 67 19.379505979255512
2 68 20.869380465169545
2 69 19.114499365664805
2 70 22.32578415196206
2 71 22.036946839342335
2 72 18.867126463772912
2 73 17.58565330034685
2 74 14.271822203208677
2 75 13.521186116609742
2 76 10.413133918278398
2 77 6.731785572936797
2 78 5.419642977171097
2 79 4.29768007185272
2 80 5.202407615710249
2 81 8.519777990065233
2 82 11.59310976399344
2 83 14.59991445180416
3 4 3.7772398652984718
3 5 6.451182449752915
3 6 9.936242046166146
3 7 13.25131061442603
3 8 16.083727055629865
3 9 19.229990873632783
3 10 21.39025792270865
3 11 22.278142314834064
3 12 21.975515921133685
3 13 23.91165759624372
3 14 22.749731295116437
3 15 24.999328850991184
3 16 24.049988482325723
3 17 23.437226841074864
3 18 19.96155339646692
3 19 18.98597129461645
3 20 17.942072594881562
3 21 19.821256090369246
3 22 18.328003982976433
3 23 20.087720278817105
3 24 20.28599558808983
3 25 17.94277132998133
3 26 15.492109765942145
3 27 11.881457570517181
3 28 9.415511350956992
3 29 5.815181940403927
3 30 5.25531055219385
3 31 4.458998654406616
3 32 5.400718933623558
3 33 8.608032353563738
3 34 9.733731196206318
3 35 9.90771118876605
3 36 11.492332095793266
3 37 13.880064661232673
3 38 14.938709616295519
3 39 15.89452487493728
3 40 13.642836655182824
3 41 14.370547832285315
3 42 15.403767493701011
3 43 13.189096822754776
3 44 13.619475834260294
3 45 10.228295948006199
3 46 12.288352249182967
3 47 14.80309410224768
3 48 13.731555993404394
3 49 17.510795213239177
3 50 18.100838765095943
3 51 15.601956319641461
3 52 17.485355558295062
3 53 15.886671898166716
3 54 12.254530264355301
3 55 11.47992822277213
3 56 9.24608965995896
3 57 10.00458245005757
3 58 12.255293182947522
3 59 11.833126552183915
3 60 15.322326814162398
3 61 17.107060676808274
3 62 15.480624987383424
3 63 15.808213498052206
3 64 13.748653352237811
3 65 14.809961985096383
3 66 15.348893282579041
3 67 15.680322254341588
3 68 17.150268598479737
3 69 15.494727619419455
3 70 18.739561894558797
3 71 18.353147032593622
3 72 15.294901666895413
3 73 14.362470609195343
3 74 11.336500033078996
3 75 11.11098762486936
3 76 8.669838406798595
3 77 5.838181309277746
3 78 5.248716986083359
3 79 6.471471239216007
3 80 6.835969207069324
3 81 10.609709656724823
3 82 13.478864121282625
3 83 15.88493991175289
4 5 3.7606268094561086
4 6 6.854725304488869
4 7 10.458993928672108
4 8 13.378713428428016
4 9 16.17564892052248
4 10 18.561548884724033
4 11 19.92333440968153
4 12 19.882474217259784
4 13 22.262478343616646
4 14 21.470187586511678
4 15 23.676783860989232
4 16 23.216656800667923
4 17 23.138184997963865
4 18 19.822482816236718
4 19 18.221798237276147
4 20 17.132977499547476
4 21 18.557310365459756
4 22 16.54948703132517
4 23 18.18454148445872
4 24 17.93049954686149
4 25 15.756527091970492
4 26 13.79708556181341
4 27 10.32367197270429
4 28 8.104773099846783
4 29 5.525936119790023
4 30 5.163622178277575
4 31 6.504656332197729
4 32 6.733437903478426
4 33 10.357664891277379
4 34 10.53853225074536
4 35 9.583498839150549
4 36 11.859502434756694
4 37 14.468654049357873
4 38 14.556591565335617
4 39 15.380409552414392
4 40 12.45545523054055
4 41 13.356138663550928
4 42 13.797783010324514
4 43 10.918711004509644
4 44 10.933714144790873
4 45 7.252515908290031
4 46 8.787105211615483
4 47 11.30836814045245
4 48 10.433658083337793
4 49 14.208285751630982
4 50 15.032164082393457
4 51 13.004429091659503
4 52 15.003825312232875
4 53 13.945023520955425
4 54 10.65006915470505
4 55 10.976893048581646
4 56 9.195938396922852
4 57 10.4841377804758
4 58 11.925933506438817
4 59 11.954844582845904
4 60 14.903430544676624
4 61 16.978800369873017
4 62 16.13796062084674
4 63 16.213693379363015
4 64 14.300568939731038
4 65 14.727343310998085
4 66 14.47038907562613
4 67 13.961903702575809
4 68 14.751377766161372
4 69 12.568203093521369
4 70 15.528470787556644
4 71 15.295790172462489
4 72 12.055429565137864
4 73 10.766794926996614
4 74 7.614540957930428
4 75 7.892120690916987
4 76 5.881012242803101
4 77 4.631105051712821
4 78 6.10446402233644
4 79 8.882019421280274
4 80 10.075142579636283
4 81 13.844309950300884
4 82 16.904950902028673
4 83 19.00477847805651
5 6 3.7893937509844497
5 7 6.952063722377691
5 8 10.158655570497505
5 9 13.042106808334301
5 10 15.600860649335983
5 11 16.987887979381075
5 12 17.445006706791485
5 13 20.03627694957324
5 14 19.78560054686236
5 15 22.375041363090258
5 16 22.41059126841592
5 17 22.337090790879635
5 18 19.399651259752066
5 19 17.26270051295567
5 20 15.523502504267519
5 21 16.282053126064902
5 22 13.834840548412545
5 23 14.956665570908509
5 24 14.43651848611707
5 25 12.055566183303045
5 26 10.302890565273414
5 27 6.81814674233402
5 28 5.4737037734974265
5 29 4.541820119731733
5 30 6.370579094556477
5 31 9.017540352002868
5 32 10.220757995373923
5 33 13.602981658445332
5 34 13.18910307792005
5 35 12.470468074615319
5 36 15.229016580199788
5 37 17.5086695097029
5 38 17.213137482748465
5 39 18.382132574867367
5 40 15.311630187540452
5 41 16.51708721294406
5 42 16.631311012665236
5 43 13.325893591050475
5 44 12.83110084910878
5 45 9.071426403824265
5 46 9.459635193811652
5 47 11.598624228760928
5 48 10.370445554555506
5 49 13.768283335260062
5 50 15.500103838361857
5 51 13.911703490227215
5 52 15.248326596712175
5 53 14.080242718078406
5 54 10.990001410372972
5 55 11.3690894534259
5 56 9.074714596063062
5 57 9.505838889861325
5 58 9.742903879234362
5 59 9.529922297689524
5 60 11.912427292537823
5 61 14.388939710763959
5 62 14.244763564201408
5 63 14.658304301657813
5 64 13.527368480232953
5 65 14.181097171939834
5 66 14.017870380339518
5 67 12.796528474551211
5 68 13.634032932335172
5 69 11.67538174964742
5 70 14.165318033845905
5 71 13.128374651875227
5 72 9.640702152851734
5 73 8.455184267654962
5 74 5.993160268172379
5 75 5.591109102852494
5 76 5.373701610621861
5 77 5.931335600014557
5 78 6.746024977718362
5 79 10.23962279578696
5 80 11.241861945425237
5 81 14.777302189506718
5 82 17.78774805870603
5 83 19.207362416531844
6 7 3.78497357982853
6 8 6.665068191699168
6 9 9.36412414484131
6 10 11.93131987669428
6 11 13.628776797644022
6 12 14.329286304628013
6 13 17.27774803034238
6 14 17.47376559302545
6 15 20.047160422364062
6 16 20.635336730957405
6 17 21.01548100805689
6 18 18.459170783109407
6 19 15.738142838340233
6 20 13.905167708445662
6 21 14.039284419086322
6 22 11.13646631566764
6 23 12.14307185188328
6 24 11.330058296407834
6 25 9.510483741640066
6 26 8.258770186898289
6 27 5.798140736477517
6 28 5.1470694574680085
6 29 6.556817902000939
6 30 8.159817461193603
6 31 11.570726035992728
6 32 12.806111861138803
6 33 15.92989708064682
6 34 14.707837808461177
6 35 13.706598739293415
6 36 16.94027299071653
6 37 18.89111645721343
6 38 17.878058423665586
6 39 19.273506297505907
6 40 16.071666310622554
6 41 17.72885453152572
6 42 17.666476587027752
6 43 14.150841423745797
6 44 12.80765154116866
6 45 9.37818980400802
6 46 9.046320191105329
6 47 10.134879624346798
6 48 8.452029223801818
6 49 11.220455026423835
6 50 13.675070091228047
6 51 12.603600874353328
6 52 13.323039180307166
6 53 12.43388652031214
6 54 10.058968635004282
6 55 11.202943273979386
6 56 9.534007761691827
6 57 10.202977310569697
6 58 9.414531799298361
6 59 10.075070123825444
6 60 11.4285906830195
6 61 13.753442950766912
6 62 14.47854295155421
6 63 14.450790082206579
6 64 13.63294461956037
6 65 13.64965252304981
6 66 12.837316035682848
6 67 10.691229489633079
6 68 10.944430044547774
6 69 8.966435523662678
6 70 10.901366795039968
6 71 9.506614013411925
6 72 5.923453131409079
6 73 5.19657483348407
6 74 4.359947820788682
6 75 5.284123957667915
6 76 7.2366070779060525
6 77 9.200735024985779
6 78 10.418799450992424
6 79 13.992590539281851
6 80 14.847196267309197
6 81 18.297846020775236
6 82 21.129186212440842
6 83 22.209424080781563
7 8 3.8087873398235303
7 9 6.3923695137249394
7 10 9.240035227205576
7 11 11.04795048866531
7 12 12.604829431610725
7 13 15.783488461046879
7 14 16.76157537345461
7 15 19.64778832337116
7 16 20.830161281180708
7 17 21.24789591936105
7 18 19.257399486950465
7 19 16.11703561452912
7 20 13.697410412191056
7 21 12.814515129336732
7 22 9.365700454317338
7 23 9.318625810708358
7 24 7.827093074698934
7 25 5.881787653426466
7 26 5.633838123340074
7 27 4.676465866442309
7 28 6.242946499850852
7 29 9.054268496129325
7 30 11.349855593795015
7 31 14.900851317961665
7 32 16.484441755788996
7 33 19.50168602967446
7 34 18.08329101684757
7 35 17.272589672657652
7 36 20.62602967126732
7 37 22.384838216971772
7 38 21.20496804996414
7 39 22.76363116903803
7 40 19.568826255041458
7 41 21.31585639846544
7 42 21.05983043616448
7 43 17.435588146087873
7 44 15.928918387636996
7 45 12.780910491823342
7 46 11.803082478742573
7 47 12.383005370264518
7 48 10.698915225386168
7 49 12.512178307553004
7 50 15.616809949538348
7 51 15.065115399491637
7 52 15.105042403118235
7 53 14.24057993903338
7 54 12.422872976892258
7 55 13.464221069189259
7 56 11.696897751113326
7 57 11.564080032583655
7 58 9.495929127789445
7 59 9.968457302913023
7 60 10.000747072094168
7 61 12.549735535062084
7 62 14.231145596894159
7 63 14.498228409016047
7 64 14.604213980902909
7 65 14.768663886756986
7 66 14.075730673751897
7 67 11.340640943086063
7 68 11.500595375892503
7 69 10.143865387513776
7 70 11.017524631240903
7 71 8.523982813215898
7 72 5.25541054533326
7 73 5.266300694035617
7 74 6.556321377113843
7 75 6.634518897403188
7 76 9.72348461201024
7 77 12.140074793838792
7 78 12.92574427257479
7 79 16.530512544987825
7 80 17.245740517588683
7 81 20.37332034794525
7 82 23.057900446484716
7 83 23.58465426924889
8 9 3.8081608421914095
8 10 5.625883575048456
8 11 7.2828272669341825
8 12 9.025100110248085
8 13 12.400393421178217
8 14 13.845643574785539
8 15 16.70852773286743
8 16 18.39288106850039
8 17 19.12502156861529
8 18 17.675116237241554
8 19 14.169961679552985
8 20 11.731121898607991
8 21 10.124923357734616
8 22 6.425763923456884
8 23 6.339480262608285
8 24 5.100660055326172
8 25 5.219801049848545
8 26 5.25830590589783
8 27 6.613157642155523
8 28 7.82695509122162
8 29 11.25401550558733
8 30 13.139274447244034
8 31 16.914099946494343
8 32 18.719215181198166
8 33 21.329235546545032
8 34 19.315247319151784
8 35 18.66180787062175
8 36 22.278085487761288
8 37 23.534893477557958
8 38 21.983978734523927
8 39 23.910783947834084
8 40 20.93391363314562
8 41 23.151740258563724
8 42 23.120169311663787
8 43 19.628485091825098
8 44 17.497939592992086
8 45 14.727646994683166
8 46 13.920492986959909
8 47 13.485116647623036
8 48 11.195541880588005
8 49 11.99733824646117
8 50 15.542316172308425
8 51 15.147528148183127
8 52 14.255447905976157
8 53 13.305663906772937
8 54 12.292294008849609
8 55 13.479191222028124
8 56 12.328893948769291
8 57 12.313669071401915
8 58 9.74272913510378
8 59 11.210723437851815
8 60 10.36553225840333
8 61 12.032480417603013
8 62 14.316263688546677
8 63 13.956198837792476
8 64 14.351551170518121
8 65 13.956582318031877
8 66 12.906265029046946
8 67 9.640331010914512
8 68 9.560842902171338
8 69 9.173787222298108
8 70 9.314822166847847
8 71 5.939775584986355
8 72 4.300653554984407
8 73 6.575609629532461
8 74 9.20390248753212
8 75 10.169758207548497
8 76 13.318800321350267
8 77 15.68730177564007
8 78 16.42599226835323
8 79 19.91032817409095
8 80 20.22199740381746
8 81 23.308563469248806
8 82 25.676143051478743
8 83 25.954630261284784
9 10 3.795324887279084
9 11 7.07197779973891
9 12 9.696662157670543
9 13 13.39607196158635
9 14 15.489989703030792
9 15 17.992101656004504
9 16 20.24284789746739
9 17 21.470526239475358
9 18 20.385545737114814
9 19 16.691149780647226
9 20 14.531493247426429
9 21 12.38380450427089
9 22 8.733641680307246
9 23 7.7761699441305945
9 24 5.18405304756809
9 25 6.49152324189015
9 26 8.297957821054528
9 27 10.015918579940633
9 28 11.545859907343413
9 29 14.811658043581751
9 30 16.485730860353144
9 31 20.241275997327833
9 32 21.66381388398635
9 33 24.376847745350503
9 34 22.29612123217848
9 35 21.205902904615964
9 36 24.783332624971965
9 37 26.13749517455718
9 38 24.197527848935312
9 39 25.873233195717923
9 40 22.745196349998828
9 41 24.838606683950694
9 42 24.38088271576728
9 43 20.834587156936898
9 44 18.58997840235432
9 45 16.347770887799964
9 46 14.822019565497813
9 47 13.897151290822155
9 48 12.20603764536223
9 49 12.010860002514388
9 50 15.74838750475743
9 51 16.243024533626738
9 52 15.238114647160254
9 53 15.093605566596734
9 54 14.841262513681237
9 55 16.601192878826506
9 56 15.883258513290023
9 57 16.099070128426675
9 58 13.494092855764704
9 59 14.826662233962168
9 60 13.568611940799252
9 61 15.234821495508243
9 62 17.859115571606562
9 63 17.466832884069166
9 64 17.947433967004866
9 65 17.217161002906373
9 66 15.699443365928616
9 67 12.083526182369114
9 68 10.952423750019902
9 69 10.293153501235661
9 70 8.949732789307175
9 71 5.697196766831911
9 72 5.24137768148795
9 73 6.967189031453074
9 74 10.47590654788405
9 75 11.566642771348999
9 76 15.13617656477355
9 77 18.066530934299482
9 78 19.25127364617728
9 79 22.897134864432275
9 80 23.571328303682847
9 81 26.68202927065331
9 82 29.209563177151416
9 83 29.49159515862104
10 11 3.8016040035753336
10 12 6.567706296721862
10 13 10.229916275317212
10 14 12.773520657986193
10 15 15.105916622303992
10 16 17.793795098291987
10 17 19.260230268613093
10 18 18.761414019204416
10 19 14.95547371366083
10 20 12.981987328602656
10 21 10.328405733703532
10 22 7.19899618002399
10 23 6.473258530292144
10 24 5.25249664445395
10 25 8.277637646092028
10 26 9.4451796700751
10 27 11.958494303213929
10 28 13.0418422778379
10 29 16.51450577522682
10 30 17.911071687646164
10 31 21.718929002140044
10 32 23.407985197363736
10 33 25.703964460759746
10 34 23.191589790266647
10 35 22.40617542107532
10 36 26.131004783589933
10 37 26.977492266702626
10 38 24.870073361371496
10 39 26.925304436533306
10 40 24.126536220518688
10 41 26.63428656825634
10 42 26.54364362705316
10 43 23.207251905385093
10 44 20.543484855301447
10 45 18.497561082477876
10 46 17.45138650652148
10 47 15.95047864485577
10 48 13.68120199397699
10 49 12.83493876105375
10 50 16.626074762252216
10 51 16.96667171250744
10 52 15.120175693423668
10 53 14.710460291914728
10 54 15.083285915210915
10 55 16.693386175368975
10 56 16.43695379320633
10 57 16.691877785318226
10 58 13.970387718313333
10 59 15.959098909399616
10 60 14.330203103934013
10 61 15.088613488322908
10 62 17.922908078768913
10 63 16.98096228133141
10 64 17.635079387402826
10 65 16.494772444626207
10 66 14.832432066252657
10 67 11.169529533512142
10 68 10.052161608330819
10 69 10.636409262528401
10 70 8.948570053366069
10 71 5.409741583476977
10 72 7.149874614285204
10 73 10.00821482583183
10 74 13.515251422004694
10 75 14.998791617993767
10 76 18.37964684100323
10 77 21.02899795520462
10 78 22.010488545236793
10 79 25.51217038983551
10 80 25.753215430310835
10 81 28.82193860586064
10 82 31.028901334078846
10 83 31.122474676670553
11 12 3.8069795113711855
11 13 6.942527925763064
11 14 9.953931936677085
11 15 12.635449734773989
11 16 15.458173663146626
11 17 16.615068431998704
11 18 16.658264525454026
11 19 12.921782733044232
11 20 10.686899176094062
11 21 7.429181785365062
11 22 5.115683629780092
11 23 4.480931711151154
11 24 5.583011373801778
11 25 9.069405382934429
11 26 9.310865588118004
11 27 12.419006602784297
11 28 13.296318024174965
11 29 16.909215593870698
11 30 18.37534293557538
11 31 22.119092657701852
11 32 24.289656193532256
11 33 26.21697114466124
11 34 23.515449177083568
11 35 23.31495537203535
11 36 27.111017649656755
11 37 27.531660937909287
11 38 25.632801329546485
11 39 28.109577833898534
11 40 25.64420451096115
11 41 28.439461914740935
11 42 28.78695687286171
11 43 25.58188644334112
11 44 22.82242482734909
11 45 20.578613097096706
11 46 20.094079177708046
11 47 18.642868287900335
11 48 15.852289834594874
11 49 15.200402428883256
11 50 18.86638940020056
11 51 18.61840954539351
11 52 16.295581793848292
11 53 15.120480977799614
11 54 15.445033538325516
11 55 16.353606605272123
11 56 16.06131654005985
11 57 15.904180865420265
11 58 12.978120742233832
11 59 15.297720777945976
11 60 13.280067695610592
11 61 13.144538789930971
11 62 16.14044940514359
11 63 14.932170270928472
11 64 16.046846356839094
11 65 14.988983254377198
11 66 13.79993818826737
11 67 10.562052120681852
11 68 10.448940807565139
11 69 12.193163043279624
11 70 11.179834032757375
11 71 7.6549490527370585
11 72 9.630099376434284
11 73 12.916950143125895
11 74 16.062317391958107
11 75 17.417975398995146
11 76 20.55635013809601
11 77 22.75362401904365
11 78 23.22126652445986
11 79 26.466108384120243
11 80 26.164154524845635
11 81 29.020682176682204
11 82 30.814880480053787
11 83 30.584085485755494
12 13 3.785973718873389
12 14 6.326770266099444
12 15 8.866008515673784
12 16 11.687251943891686
12 17 13.095156127362513
12 18 13.3159650795577
12 19 9.605393797237051
12 20 8.049748629615708
12 21 5.264258447302902
12 22 4.714768499088791
12 23 6.548440577725353
12 24 8.835367847463962
12 25 11.804779159306621
12 26 10.921052192897895
12 27 13.531973322468524
12 28 13.374328618663444
12 29 16.65217298132589
12 30 17.48254869863087
12 31 21.05907901594939
12 32 23.298206476035872
12 33 24.735499368316784
12 34 21.706122339100553
12 35 21.790799916478512
12 36 25.587270057589183
12 37 25.523164439387216
12 38 23.583984247789854
12 39 26.366014279750363
12 40 24.30805372710864
12 41 27.428294824870175
12 42 28.23054142236737
12 43 25.338917636710534
12 44 22.314041005609003
12 45 20.231028495852602
12 46 20.39404807780937
12 47 18.648086523823295
12 48 15.384014235562834
12 49 14.665458363106147
12 50 18.011120786891638
12 51 17.272518779842162
12 52 14.46411431785576
12 53 12.83177945571073
12 54 13.544247339738003
12 55 14.254262099456428
12 56 14.599270461225109
12 57 14.885836153874596
12 58 12.550464971466194
12 59 15.595195670462102
12 60 14.136380123638439
12 61 13.199565182232327
12 62 15.613780259757723
12 63 13.567088044234104
12 64 14.187507920702634
12 65 12.488521689935922
12 66 11.038150071456723
12 67 8.160118504041467
12 68 8.435294719214024
12 69 11.188755248015749
12 70 10.760479171486741
12 71 7.915972587117769
12 72 10.446142493762945
12 73 14.15531935351513
12 74 16.956949165460156
12 75 18.80833533303785
12 76 21.523928684141282
12 77 23.31477430729279
12 78 23.747017960156597
12 79 26.767405253404743
12 80 26.12510614332505
12 81 29.045226853994446
12 82 30.589113782520737
12 83 30.501502651508822
13 14 3.7884510027186584
13 15 6.43786781473494
13 16 9.41616795729558
13 17 10.548265876436751
13 18 11.73228515677999
13 19 8.517861997003711
13 20 7.388894369254442
13 21 4.855585031692884
13 22 6.777180608483147
13 23 8.732790791035818
13 24 11.770613153102943
13 25 14.633423044523791
13 26 13.262816292175655
13 27 15.905359757012723
13 28 15.444944706925954
13 29 18.503602838366373
13 30 19.16910623894604
13 31 22.477032855784145
13 32 24.998895815615537
13 33 25.970536113064746
13 34 22.788929461473177
13 35 23.388598547155407
13 36 27.1117527282911
13 37 26.566608853973065
13 38 24.81167326078594
13 39 27.91448663328774
13 40 26.272555890129915
13 41 29.601247845318955
13 42 30.778920676333012
13 43 28.100949343394078
13 44 25.015029742137024
13 45 22.938294117043668
13 46 23.52123279082115
13 47 21.765059751813226
13 48 18.28228637233319
13 49 17.624937163008553
13 50 20.676978139950723
13 51 19.547337875015106
13 52 16.44293617332379
13 53 14.31558021876864
13 54 15.108963333068223
13 55 15.140467925397813
13 56 15.667754944471147
13 57 15.731127454826627
13 58 13.63452331399965
13 59 16.864003231735932
13 60 15.349867295843309
13 61 13.483830093856863
13 62 15.635649810609088
13 63 13.153715634755073
13 64 14.002160618990201
13 65 12.244520447939154
13 66 11.32541981561832
13 67 9.53392306451022
13 68 10.618436890616247
13 69 13.946832651179262
13 70 13.914878691530156
13 71 11.471654239908034
13 72 13.94886776767204
13 73 17.685732187274578
13 74 20.230318287164934
13 75 22.037182238208228
13 76 24.512724226409432
13 77 25.934748041961004
13 78 26.0273182829119
13 79 28.75333700633719
13 80 27.658639048225062
13 81 30.362178610896816
13 82 31.481888586932012
13 83 31.165862558254343
14 15 3.7744547950664358
14 16 5.814657857518359
14 17 6.932161711904878
14 18 8.095339770509947
14 19 5.2007407164749155
14 20 5.4468619406039664
14 21 5.177322377445698
14 22 8.120171057311538
14 23 11.100277744272889
14 24 14.312524899541662
14 25 16.626269605657185
14 26 14.53226661605133
14 27 16.481605989708648
14 28 15.167764502391249
14 29 17.657408445182437
14 30 17.72633275666459
14 31 20.67992516911026
14 32 23.229318479025594
14 33 23.711821207996657
14 34 20.377504287817
14 35 21.338988846709675
14 36 24.927832978419925
14 37 23.965198705623123
14 38 22.370159610516865
14 39 25.706097117221045
14 40 24.486366859948827
14 41 27.985240735073198
14 42 29.58588655085394
14 43 27.232403290932666
14 44 24.113237070123954
14 45 22.114478696094107
14 46 23.298764366377892
14 47 21.558465924086526
14 48 17.83995409186918
14 49 17.487931238428406
14 50 20.06288727975114
14 51 18.350147111126937
14 52 15.175316833595273
14 53 12.50348903306593
14 54 13.287861001681199
14 55 12.856254897908643
14 56 13.89312851736426
14 57 14.361632706624968
14 58 13.111487673029327
14 59 16.714580640865627
14 60 15.947730402787727
14 61 13.704665373514231
14 62 14.969363847538746
14 63 11.820042724119064
14 64 11.911762044298905
14 65 9.596892309492695
14 66 8.709446538098737
14 67 8.066405395217872
14 68 9.885593608883585
14 69 13.556788336475568
14 70 14.352721484094925
14 71 12.561391403821473
14 72 14.79146270657503
14 73 18.5050341799198
14 74 20.532620607219137
14 75 22.572863664143284
14 76 24.558994971293103
14 77 25.518898350046385
14 78 25.52685875700338
14 79 27.951450302265176
14 80 26.573327397975593
14 81 29.276434294496998
14 82 30.168230011056334
14 83 30.05647427759949
15 16 3.823537759719394
15 17 6.692665313610116
15 18 8.479870576842552
15 19 6.6230437866588225
15 20 8.556324327653789
15 21 8.919080333756389
15 22 11.542723638725827
15 23 14.533070322543685
15 24 17.47765173013812
15 25 19.968467742919085
15 26 18.021556592037218
15 27 19.778044316868133
15 28 18.15002856747063
15 29 20.32600713371911
15 30 19.806198070301125
15 31 22.52288698191242
15 32 24.74730777276591
15 33 24.849089520543806
15 34 21.27371420321332
15 35 22.132195417535968
15 36 25.56387807043368
15 37 24.189279112863204
15 38 22.30773789517888
15 39 25.687130668877753
15 40 24.85543101617834
15 41 28.517752751575642
15 42 30.293293746306293
15 43 28.273122431029794
15 44 24.91898274408488
15 45 23.412593213909478
15 46 24.780174616011088
15 47 22.616862558719323
15 48 18.933228066021915
15 49 18.08890129333454
15 50 20.224298924808245
15 51 18.57984483250601
15 52 15.059224548428782
15 53 12.704436508558732
15 54 14.342107062771499
15 55 14.254406301210864
15 56 16.08402626831976
15 57 17.151050959052046
15 58 16.407507915585477
15 59 20.130035742640896
15 60 19.618480471229166
15 61 17.372680334364066
15 62 18.342298683643772
15 63 14.946197543188037
15 64 14.439083835202288
15 65 11.526214860048377
15 66 9.980189477159241
15 67 9.80263296262795
15 68 10.843211055771254
15 69 14.631198276286188
15 70 15.223612810367976
15 71 14.253327085280825
15 72 16.928312556188224
15 73 20.64346785305221
15 74 22.681055663262235
15 75 25.115174795330415
15 76 26.983899884931382
15 77 27.93081914301835
15 78 28.20596796779008
15 79 30.579975327001165
15 80 29.227534278484736
15 81 32.03243443761339
15 82 32.88092804347225
15 83 32.98242991351607
16 17 3.7996097167998704
16 18 5.502328961448961
16 19 5.40326290309846
16 20 8.505001058200993
16 21 10.322580152268129
16 22 13.25766095508555
16 23 16.63087935137526
16 24 19.742647365538392
16 25 21.73275171256507
16 26 19.24826254496753
16 27 20.442379166819105
16 28 18.244162737708738
16 29 19.806895996091864
16 30 18.835153649492746
16 31 21.0422251912672
16 32 23.315556244704947
16 33 22.89017048866172
16 34 19.31109176095438
16 35 20.657891784981352
16 36 23.834569410836856
16 37 22.03623917550361
16 38 20.51780205090204
16 39 24.1074329409002
16 40 23.745884064401565
16 41 27.47155512525638
16 42 29.663907244326396
16 43 27.96445745942517
16 44 24.74632639403271
16 45 23.228341955464664
16 46 25.139227891882445
16 47 23.208816018918327
16 48 19.43720535467998
16 49 19.107978359837027
16 50 20.757039625148863
16 51 18.508401470683527
16 52 15.236014866099339
16 53 12.356663870155243
16 54 13.621286209459077
16 55 12.846440207310348
16 56 14.960404339455534
16 57 16.221360978660204
16 58 16.268794946153815
16 59 20.037828075916806
16 60 20.12059494647213
16 61 17.644731933356198
16 62 17.811978385345068
16 63 14.115342291280081
16 64 12.96824309611753
16 65 9.87795414040782
16 66 8.78967809421938
16 67 10.080493539504896
16 68 11.842932618232696
16 69 15.496922468670995
16 70 16.889876435308814
16 71 16.248604370837516
16 72 18.407632628885224
16 73 21.93319466014926
16 74 23.411905710556752
16 75 25.8445219340579
16 76 27.22095115898781
16 77 27.661285635342406
16 78 27.73416438258056
16 79 29.72569706499748
16 80 28.067803280627434
16 81 30.749539394924273
16 82 31.309362337805602
16 83 31.546764810357335
17 18 3.821016356939607
17 19 5.378892636965345
17 20 7.7849866409647746
17 21 10.163697998268146
17 22 13.55672954661263
17 23 16.81588005428202
17 24 20.250161159852528
17 25 21.84387467918638
17 26 18.94956181551436
17 27 20.0120239356243
17 28 17.78425848889967
17 29 19.131856235086026
17 30 18.42193874162
17 31 20.333326215845748
17 32 23.03754173083578
17 33 22.434632045121667
17 34 19.124279568130145
17 35 21.080555851305252
17 36 24.133654530551315
17 37 22.281146402283706
17 38 21.390052711482504
17 39 25.1036763243952
17 40 24.833605497390028
17 41 28.45730839345141
17 42 30.82198340470645
17 43 29.08914025886637
17 44 26.167454060339917
17 45 24.24635787082258
17 46 26.35021755128409
17 47 24.899791424829242
17 48 21.07246663302614
17 49 21.34002813962531
17 50 23.053548924189528
17 51 20.45163125523243
17 52 17.56138676187049
17 53 14.21707178008186
17 54 14.531113033763106
17 55 12.770809919500016
17 56 14.23547898737517
17 57 14.83753180283028
17 58 15.072717107409662
17 59 18.626490007513492
17 60 18.80883709855556
17 61 15.90345280120012
17 62 15.581714796517101
17 63 11.86168124677105
17 64 10.99082003310035
17 65 8.654823857248626
17 66 9.122584118548868
17 67 11.178217478650161
17 68 13.85504222295984
17 69 17.352079126145085
17 70 19.186203532747168
17 71 18.09670627489986
17 72 19.711927379127587
17 73 23.115549441880027
17 74 24.2722526972673
17 75 26.29895130989067
17 76 27.451145039870376
17 77 27.497976161892357
17 78 27.057677209989773
17 79 28.70845955463302
17 80 26.63835146926326
17 81 28.978560989117454
17 82 29.143505966166803
17 83 29.110347060796094
18 19 3.814276602450327
18 20 6.732827860564984
18 21 10.124121542138854
18 22 12.907093011208993
18 23 16.487614866923597
18 24 19.651504598885044
18 25 20.726486750050043
18 26 17.571026008745193
18 27 17.957736215904273
18 28 15.236027894434953
18 29 16.06673946387381
18 30 14.96232846184042
18 31 16.6585575906199
18 32 19.294861777167515
18 33 18.61454176175175
18 34 15.323723209455332
18 35 17.4053952842215
18 36 20.405631453106267
18 37 18.617513502076477
18 38 17.920628253496023
18 39 21.63959452023073
18 40 21.380619027521163
18 41 24.939725519740588
18 42 27.410080645631083
18 43 25.775523835608077
18 44 23.025453090004543
18 45 21.033105476842927
18 46 23.4115454210097
18 47 22.218563972498313
18 48 18.435289420022674
18 49 19.200953023222574
18 50 20.650069491408498
18 51 17.701603910380552
18 52 15.243985863283921
18 53 11.620002495696806
18 54 11.362043918239358
18 55 9.216482083745401
18 56 10.894542945897271
18 57 11.984158877451517
18 58 12.942717682156248
18 59 16.53020235810802
18 60 17.401820623141706
18 61 14.923819383790466
18 62 14.061026776163965
18 63 10.270815741702314
18 64 8.310901334993696
18 65 5.459239324301509
18 66 6.095884595364318
18 67 9.05835161605024
18 68 12.089477780284803
18 69 15.17114583675208
18 70 17.60742780760438
18 71 16.794033940658807
18 72 17.85633341422589
18 73 20.957687181557034
18 74 21.63898530430667
18 75 23.691549674936844
18 76 24.474623796904414
18 77 24.259604015729526
18 78 23.869484912750004
18 79 25.400347517307708
18 80 23.381527944084407
18 81 25.858549089227722
18 82 26.169326739524653
18 83 26.49666873401258
19 20 3.7952640224363865
19 21 6.860159983557232
19 22 9.358980179485368
19 23 13.03521514973957
19 24 16.077960473890958
19 25 17.408279208468596
19 26 14.531622104913131
19 27 15.300742988495685
19 28 12.930027996876108
19 29 14.480832469164195
19 30 13.835569991872395
19 31 16.301992914978214
19 32 18.888821694324925
19 33 18.94134749694435
19 34 15.597310312999484
19 35 17.026399531316066
19 36 20.437750683477866
19 37 19.242035781070566
19 38 18.06631066377416
19 39 21.580072868273636
19 40 20.692920190248646
19 41 24.217406033677513
19 42 26.245902899309826
19 43 24.207076754536057
19 44 21.304877516662703
19 45 19.199560203296326
19 46 21.10100682432002
19 47 19.747988783671108
19 48 15.91647115412207
19 49 16.435916615753438
19 50 18.402833423144383
19 51 15.8598321239539
19 52 13.184526726432011
19 53 9.717127044553857
19 54 9.676389512622979
19 55 8.345883416391578
19 56 9.810488468980532
19 57 10.899243368234329
19 58 10.980149953438703
19 59 14.78274906774785
19 60 15.215404069560558
19 61 13.089790563641573
19 62 13.083014408002462
19 63 9.461218420478414
19 64 8.048556330174994
19 65 4.904945463509252
19 66 4.264494694568162
19 67 5.858258444281883
19 68 8.924948235143997
19 69 12.23994926460073
19 70 14.343262878438782
19 71 13.183343657813067
19 72 14.464173844364563
19 73 17.781029610233485
19 74 18.902639418874813
19 75 21.012923689958047
19 76 22.26111151762193
19 77 22.569998161275954
19 78 22.44978240429069
19 79 24.478117043596303
19 80 22.870496999409525
19 81 25.607883727477365
19 82 26.381186971021602
19 83 26.66756948055071
20 21 3.7997202528607246
20 22 6.369554537014339
20 23 9.817670344842504
20 24 13.075272157779352
20 25 14.20469154892143
20 26 11.194659083688073
20 27 12.346208365324143
20 28 10.56319293585041
20 29 12.747504461658368
20 30 13.118214893803195
20 31 15.975979406596641
20 32 18.92820984668122
20 33 19.561644767247977
20 34 16.615537607913872
20 35 17.991175559145656
20 36 21.53674181486141
20 37 20.905016479304678
20 38 19.95692907237985
20 39 23.267213069037727
20 40 21.889375710604455
20 41 25.152536293582802
20 42 26.84193536241379
20 43 24.386160870460937
20 44 21.74342955929446
20 45 19.15225482808748
20 46 20.63323280535554
20 47 19.6973704336391
20 48 15.971155593757139
20 49 16.800826467766402
20 50 19.300469035751437
20 51 17.003802927580647
20 52 14.676862539384908
20 53 11.36783132351989
20 54 10.528262012317132
20 55 9.044598001016961
20 56 9.055143565951896
20 57 8.985324646333043
20 58 7.997002563460884
20 59 11.7032879568094
20 60 11.636033430684185
20 61 9.461411839678048
20 62 10.026451465997328
20 63 6.763747112363089
20 64 6.671964478322709
20 65 5.122936755416762
20 66 5.8276909664120025
20 67 5.998241158873155
20 68 9.417389978120264
20 69 12.368138623091188
20 70 14.29469051781115
20 71 12.218012072346301
20 72 13.033520476064782
20 73 16.30555521900435
20 74 17.557120549794032
20 75 19.13521656527566
20 76 20.663953760110864
20 77 21.12119589417228
20 78 20.683180243859983
20 79 22.859649275524763
20 80 21.266500840523815
20 81 23.869219719127813
20 82 24.725847629555595
20 83 24.655748964491018
21 22 3.774880263001728
21 23 6.655849833041608
21 24 10.190856980646918
21 25 11.991633666852904
21 26 9.633297981480693
21 27 11.880603477938312
21 28 11.235815724725999
21 29 14.234075804210121
21 30 15.301883348137245
21 31 18.55035336590653
21 32 21.419070521383507
21 33 22.52427397276103
21 34 19.683746442179142
21 35 20.62893545484109
21 36 24.311981284954953
21 37 24.019685967972183
21 38 22.802793995473447
21 39 25.908985661349224
21 40 24.151532477257007
21 41 27.296345103328395
21 42 28.563831815777093
21 43 25.783787270298365
21 44 23.09475094041934
21 45 20.47977272823114
21 46 21.30697721404892
21 47 20.25240948628088
21 48 16.706830010507673
21 49 17.0835497482227
21 50 20.104445304459407
21 51 18.43313538169782
21 52 15.966963706353186
21 53 13.233288517976167
21 54 12.780513643825113
21 55 12.047531240880842
21 56 11.687457336820527
21 57 11.135001975751958
21 58 8.872304661135122
21 59 12.125481639918474
21 60 10.90399220469274
21 61 8.953917913405284
21 62 10.895726731154744
21 63 8.552742776443125
21 64 9.7056911139805
21 65 8.790115869543472
21 66 8.925270640154281
21 67 7.516937873895187
21 68 9.971793519723516
21 69 12.849345703186598
21 70 13.865175116095719
21 71 11.059788831618798
21 72 12.259443462082604
21 73 15.710798483845434
21 74 17.630080487621147
21 75 18.99117671446401
21 76 21.133972863614638
21 77 22.14792437227471
21 78 21.809994979366685
21 79 24.339235176973
21 80 23.0463398829402
21 81 25.619092763015633
21 82 26.679520629126753
21 83 26.31852322984707
22 23 3.8140773458334607
22 24 6.76823130514908
22 25 8.53612002024339
22 26 6.62200369978755
22 27 9.165314069905076
22 28 9.222252761662956
22 29 12.70358417927791
22 30 14.218670085489709
22 31 17.813803271620575
22 32 20.410727008120013
22 33 22.110879380974424
22 34 19.515864751529715
22 35 19.896610037893385
22 36 23.64901065583928
22 37 23.93191427780068
22 38 22.55738147480775
22 39 25.28935612070817
22 40 23.04687557999999
22 41 25.914692917339384
22 42 26.726354951620312
22 43 23.651709219420063
22 44 21.10387604209236
22 45 18.384095680777992
22 46 18.665743944456114
22 47 17.76750272266758
22 48 14.525237003229925
22 49 14.97708426229885
22 50 18.316575607902255
22 51 17.08720998290827
22 52 15.040652545684308
22 53 12.867809215247165
22 54 12.203824236689083
22 55 12.202664053394239
22 56 11.428401025515335
22 57 10.93746158850398
22 58 8.106804364236256
22 59 10.916882064032754
22 60 9.501120197113604
22 61 8.922775521103286
22 62 11.396083888775127
22 63 9.9545401701937
22 64 10.990117424304437
22 65 10.347852917393055
22 66 9.937648061790075
22 67 7.350914636968648
22 68 8.97513381515841
22 69 10.989795357512346
22 70 11.659547761384227
22 71 8.328892723525737
22 72 9.059273756764389
22 73 12.377432932559158
22 74 14.570394469608566
22 75 15.780060709642408
22 76 18.28877338697158
22 77 19.762052853891472
22 78 19.721914207297424
22 79 22.627787739856494
22 80 21.860453723562102
22 81 24.62890628915543
22 82 26.17236053549622
22 83 25.97215636022546
23 24 3.7923329231490226
23 25 6.139358679862254
23 26 5.610096166733686
23 27 9.1971274863405
23 28 10.7045871475737
23 29 14.450049446282183
23 30 16.651353728751303
23 31 20.284354389528886
23 32 22.86916218404163
23 33 24.93037907854592
23 34 22.633806507081395
23 35 22.84934198177269
23 36 26.56176264858942
23 37 27.174700016743515
23 38 25.843866293571477
23 39 28.358560947269517
23 40 25.837302374667523
23 41 28.43646871536619
23 42 28.864469179252193
23 43 25.532945247268284
23 44 23.228642534595085
23 45 20.406004753503318
23 46 20.08003573203992
23 47 19.43983356410234
23 48 16.653765820378283
23 49 17.00833727911109
23 50 20.597771481400603
23 51 19.835357546563163
23 52 18.02880032059815
23 53 16.263365395882857
23 54 15.520835480089334
23 55 15.627301814452805
23 56 14.34686118982128
23 57 13.24277750322794
23 58 9.789380623921005
23 59 11.485161992762661
23 60 8.998578609980578
23 61 9.128009476331625
23 62 12.433433395486542
23 63 12.025263240361936
23 64 13.8308431051762
23 65 13.83280152391409
23 66 13.701012115898594
23 67 11.00533388861964
23 68 12.0928695105835
23 69 13.519823889385542
23 70 13.507538561855007
23 71 9.74958686304194
23 72 10.11892657350571
23 73 12.903017631546508
23 74 15.40049534917627
23 75 15.939339697741563
23 76 18.87662771789495
23 77 20.702387374406847
23 78 20.539073153382557
23 79 23.58325952874199
23 80 23.045106573847736
23 81 25.59479167721433
23 82 27.245296658322516
23 83 26.709923137291124
24 25 3.7839548094553117
24 26 5.711779582581947
24 27 9.02599473742368
24 28 11.352367198078118
24 29 15.068824108071604
24 30 17.475602536107303
24 31 21.18661926783034
24 32 23.371597934244885
24 33 25.8813760066964
24 34 23.84087661978897
24 35 23.53064945980029
24 36 27.176510703178952
24 37 28.25378746292256
24 38 26.771213345681588
24 39 28.881139001085117
24 40 25.992174533886157
24 41 28.25073439753381
24 42 28.173381444193023
24 43 24.630548390159728
24 44 22.540221538396644
24 45 19.806331033283275
24 46 18.787926389040383
24 47 18.304836136933865
24 48 16.125931073894616
24 49 16.382123488730024
24 50 20.097193062714005
24 51 19.917455610594445
24 52 18.551519883826227
24 53 17.4474041908818
24 54 16.72149697246033
24 55 17.418653248744576
24 56 16.03523797765409
24 57 15.132556988162975
24 58 11.735064465097752
24 59 12.709985247827788
24 60 10.314802470236645
24 61 11.64838958826498
24 62 14.914041001686968
24 63 15.00955152561195
24 64 16.555047749855632
24 65 16.57410712527224
24 66 16.058236951795177
24 67 12.924434262280107
24 68 13.164537059843768
24 69 13.64196470454311
24 70 13.03329616789245
24 71 9.256534394685733
24 72 9.02746376342769
24 73 11.061291109088488
24 74 13.871766145664362
24 75 14.080062322305254
24 76 17.440288845085103
24 77 19.812869302551814
24 78 20.026151777113846
24 79 23.36583876089193
24 80 23.4166487354617
24 81 26.06192168662933
24 82 28.130976431684697
24 83 27.751699425440595
25 26 3.813924750175338
25 27 6.373505236524091
25 28 9.558186281926087
25 29 13.027322441699216
25 30 15.955964339393592
25 31 19.476441410072837
25 32 21.654316567372884
25 33 24.445050337440502
25 34 22.896880748259143
25 35 22.60730868546718
25 36 26.059247379769047
25 37 27.502584169492145
25 38 26.395919192178173
25 39 28.284402662951887
25 40 25.245924720635607
25 41 27.14983834206016
25 42 26.93623941830039
25 43 23.29396428262051
25 44 21.716109803553675
25 45 18.642529147087313
25 46 17.541375031621666
25 47 17.830838230436616
25 48 15.989491455327776
25 49 17.030072049172308
25 50 20.533532453038855
25 51 20.152771273450213
25 52 19.43451702512825
25 53 18.239321560847593
25 54 16.78475841351313
25 55 17.220529463405008
25 56 15.179696209081396
25 57 13.879169319523415
25 58 10.541325343617853
25 59 10.483735355301565
25 60 8.342676309194792
25 61 10.801491100769375
25 62 13.745909828017933
25 63 14.619220122838291
25 64 16.151074577253368
25 65 16.81908514158841
25 66 16.7427871634325
25 67 13.942031738595343
25 68 14.54027558198262
25 69 14.36121147396695
25 70 14.391087068043191
25 71 10.885590337689544
25 72 9.248798732808496
25 73 10.223205221455748
25 74 12.248213992252092
25 75 11.570868982060079
25 76 14.78457469797491
25 77 17.030609208128755
25 78 16.972292272996008
25 79 20.278812859731207
25 80 20.51405079451643
25 81 23.0252763718484
25 82 25.264093908153523
25 83 24.901689480836435
26 27 3.8064063104193133
26 28 6.474541605395706
26 29 10.087910883825252
26 30 13.070417208337304
26 31 16.525935071880195
26 32 19.106098921548583
26 33 21.597971339919866
26 34 19.99136338522213
26 35 20.186516539512205
26 36 23.648460922436367
26 37 24.820647896459107
26 38 24.01060494864717
26 39 26.185330473377643
26 40 23.431831874610232
26 41 25.55120862112006
26 42 25.83059399239591
26 43 22.383243777433155
26 44 20.750747576894668
26 45 17.43409845675996
26 46 17.11477770816787
26 47 17.50506355315512
26 48 15.124770775122508
26 49 16.65133982597196
26 50 19.92982892550761
26 51 18.853756283563232
26 52 18.065541287213065
26 53 16.23494370178104
26 54 14.331770476811295
26 55 14.135912032833252
26 56 11.807455144949737
26 57 10.184723216661315
26 58 6.7406392871893095
26 59 7.06487912140045
26 60 5.279188763437051
26 61 7.551328757245311
26 62 10.158780487834157
26 63 10.91557726370896
26 64 12.406393271213032
26 65 13.375289342664702
26 66 13.793611637276149
26 67 11.545220526261069
26 68 13.01817583227389
26 69 13.265775702913118
26 70 14.217253497071788
26 71 10.848858880085036
26 72 9.13628589745308
26 73 10.652233333907027
26 74 12.019210539798356
26 75 11.636826242580064
26 76 14.202704143929772
26 77 15.732344644076418
26 78 15.226893741009686
26 79 18.26117052655716
26 80 17.94254680919072
26 81 20.470167610452044
26 82 22.434547488193296
26 83 22.093335578857253
27 28 3.797943654137065
27 29 6.835974619613505
27 30 10.184407542905968
27 31 13.426549407796477
27 32 15.879451407400696
27 33 18.615848651082228
27 34 17.47582836377149
27 35 17.60683824540908
27 36 20.83469464619052
27 37 22.345600663217805
27 38 21.86822144116892
27 39 23.784432744969973
27 40 20.962304310356725
27 41 22.772184502150868
27 42 23.04376937482234
27 43 19.637669846496557
27 44 18.447870934067165
27 45 14.879621231738398
27 46 14.787289440597288
27 47 15.852046839446318
27 48 13.755551243043662
27 49 16.06222783427006
27 50 18.903267812735447
27 51 17.53997864878974
27 52 17.459910452233135
27 53 15.648763976749088
27 54 13.073927412984972
27 55 12.757418626038731
27 56 9.949940502334675
27 57 8.425904936563192
27 58 5.954456902186796
27 59 5.387095506857103
27 60 5.795493507890419
27 61 8.728399681499464
27 62 10.030864070457737
27 63 11.076261372864035
27 64 11.759537873573091
27 65 13.040172468184611
27 66 13.589070130071445
27 67 11.814501259046017
27 68 13.374480961891567
27 69 12.88172092540434
27 70 14.548368362122263
27 71 11.845569889203304
27 72 9.141194943769662
27 73 9.680551533874507
27 74 9.82701953798811
27 75 9.014300305625506
27 76 10.937835526282155
27 77 12.06417775896891
27 78 11.430377159131718
27 79 14.505326952537125
27 80 14.392105926514025
27 81 17.120306685337155
27 82 19.394125553888735
27 83 19.48407734536075
28 29 3.7731102554788913
28 30 6.63408237814394
28 31 10.05926721983266
28 32 12.708167491814068
28 33 15.146721394414039
28 34 13.77750909997885
28 35 14.160515421410333
28 36 17.453182546458397
28 37 18.713770571426807
28 38 18.34564168951307
28 39 20.47012088386387
28 40 17.918404783908638
28 41 19.99486861672264
28 42 20.760086391920428
28 43 17.652349447028293
28 44 16.271688603215097
28 45 12.677314226601784
28 46 13.492879640758677
28 47 14.415966460837787
28 48 11.873395386324841
28 49 14.556404878952769
28 50 16.968012317298687
28 51 14.98980250036671
28 52 14.980344889220673
28 53 12.78185127436554
28 54 9.778448445433455
28 55 9.11774654177226
28 56 6.229165273132508
28 57 5.427518217380758
28 58 4.428552020694801
28 59 5.478581750781857
28 60 7.521905410200268
28 61 9.26471785862905
28 62 9.423844969013446
28 63 9.518940592313832
28 64 9.040258569310947
28 65 10.028242019416961
28 66 10.558820530722171
28 67 9.425304239121408
28 68 11.424452415761555
28 69 11.031594716993553
28 70 13.5491219641717
28 71 11.502223002533032
28 72 8.974915988464742
28 73 9.898366228827868
28 74 9.432481168812371
28 75 9.638789861803193
28 76 10.689096219980431
28 77 11.104531732585576
28 78 10.609825917516272
28 79 13.431210593241396
28 80 12.93701530493027
28 81 16.034654502046497
28 82 18.178197875477096
28 83 18.753209058718454
29 30 3.834269682742724
29 31 6.612237140333063
29 32 9.37979264163126
29 33 11.901786588575684
29 34 11.187794688856249
29 35 11.809752749316976
29 36 14.683912761930996
29 37 16.18053404557464
29 38 16.41416692982011
29 39 18.320574827226352
29 40 15.948276051034481
29 41 17.717404945420196
29 42 18.746867951740626
29 43 15.956842356807316
29 44 15.121251899231094
29 45 11.421871519151315
29 46 12.942981495776001
29 47 14.488048384789442
29 48 12.301533278416963
29 49 15.593744322644254
29 50 17.273441261080546
29 51 14.854317688806848
29 52 15.553710618370136
29 53 13.340738397854894
29 54 9.755550266386818
29 55 8.62973910382
29 56 5.421146096537154
29 57 5.226463144421857
29 58 6.595798814396935
29 59 6.845171217727137
29 60 10.055874601445668
29 61 11.66109463129427
29 62 10.629014018242712
29 63 10.811655978618633
29 64 9.388504992809027
29 65 10.641001973498549
29 66 11.439815470539724
29 67 11.266026140569709
29 68 13.2981902528126
29 69 12.4689295851729
29 70 15.530987508848238
29 71 14.223405815767192
29 72 11.474717861455245
29 73 11.665363303386654
29 74 9.969428669688147
29 75 10.027870112840514
29 76 9.652446477448084
29 77 8.830988506390437
29 78 7.995099186376614
29 79 10.352311094630027
29 80 9.725415261056982
29 81 13.100119465104125
29 82 15.38658802334033
29 83 16.57058674278011
30 31 3.8109473887735565
30 32 6.363520566478903
30 33 8.533450650235228
30 34 7.42471453996718
30 35 8.084296135100445
30 36 11.060154881374855
30 37 12.373893728329818
30 38 12.632425736967548
30 39 14.651552067955121
30 40 12.57559290848746
30 41 14.63405227542939
30 42 16.2071150424744
30 43 13.897222960001763
30 44 12.850352018524633
30 45 9.476726280736404
30 46 11.995404036546669
30 47 13.225611743885423
30 48 10.916106860964677
30 49 14.348817024410062
30 50 15.315824790065992
30 51 12.380991963489842
30 52 13.381467408322601
30 53 11.152633814485258
30 54 7.3786977848398125
30 55 6.3152153565812785
30 56 4.347631194110187
30 57 6.500221611606786
30 58 9.023190899011277
30 59 10.250245119020322
30 60 13.420788128869333
30 61 14.390627227469967
30 62 12.995822213311476
30 63 12.224331351857243
30 64 9.640788038329644
30 65 9.899748027096445
30 66 10.101721932423203
30 67 10.617983283091002
30 68 12.432163448088994
30 69 11.471881493460437
30 70 15.01505114876403
30 71 14.588232415203702
30 72 12.231824802538664
30 73 12.543033165865424
30 74 10.581522196735216
30 75 11.666564661458835
30 76 10.726406434589359
30 77 9.539674313098958
30 78 9.545085594168343
30 79 11.401112796565078
30 80 10.790853997714919
30 81 14.353035288746419
30 82 16.48410734616831
30 83 18.258180331018746
31 32 3.82279138850134
31 33 5.402311727399674
31 34 5.768949817774466
31 35 7.2702629938675525
31 36 9.118823060022605
31 37 10.499875142114789
31 38 11.861271938540153
31 39 13.58470426619586
31 40 12.131744021368077
31 41 13.718297780701514
31 42 15.757963129795677
31 43 14.147959358154806
31 44 13.800905876064807
31 45 10.827227022649891
31 46 13.827035907959454
31 47 15.443924695491106
31 48 13.612589209992347
31 49 17.159601102589768
31 50 17.452122535668835
31 51 14.27816717929861
31 52 15.733338679377622
31 53 13.583392102122357
31 54 9.91842008588061
31 55 8.394993091122828
31 56 6.935064022775849
31 57 8.706761338178502
31 58 11.898683708713326
31 59 12.600674624796877
31 60 16.146142263711166
31 61 16.978350214317054
31 62 14.89791700205099
31 63 14.287251415160297
31 64 11.393840528987578
31 65 11.959142569599207
31 66 12.571160407854158
31 67 13.83657475678139
31 68 15.699241510340554
31 69 14.701616407728778
31 70 18.35050814010337
31 71 18.257724091463317
31 72 15.900888717301306
31 73 15.877987183519199
31 74 13.407425554520152
31 75 14.186638044300702
31 76 12.317236175376356
31 77 10.027348901878305
31 78 9.623458162220066
31 79 10.23638065919786
31 80 9.264476995491975
31 81 12.642796288796239
31 82 14.553809501295529
31 83 16.918408938195103
32 33 3.8029401783357097
32 34 5.501823515889984
32 35 5.345162860007166
32 36 6.158202984637648
32 37 8.649550161713616
32 38 10.085075012115682
32 39 10.858132620298944
32 40 9.294089573487014
32 41 10.2364828920875
32 42 12.33353290829517
32 43 11.222389317787904
32 44 11.463646932804588
32 45 9.088658261811803
32 46 12.372204007370717
32 47 14.228435121263335
32 48 13.180739698514648
32 49 16.796760818681676
32 50 16.34502728660922
32 51 13.35356693921141
32 52 15.615875831985855
32 53 14.255869282509574
32 54 11.021350234885013
32 55 10.579390010770943
32 56 10.049784724062498
32 57 12.306159555279619
32 58 15.242486870586436
32 59 15.905312100050093
32 60 19.359344978588506
32 61 20.475865451794704
32 62 18.615748413641604
32 63 17.94652620982679
32 64 14.942034198863283
32 65 14.960583177135842
32 66 14.840710292974522
32 67 15.834420387244997
32 68 16.94758041727491
32 69 15.281203126717479
32 70 18.823603188550273
32 71 19.401597537316352
32 72 16.942986985770837
32 73 16.335681528482365
32 74 13.409525345812954
32 75 14.452642422754392
32 76 11.999833373843153
32 77 9.598147529601741
32 78 10.283097636412869
32 79 10.775099489099855
32 80 10.87045380837433
32 81 14.25855806173962
32 82 16.52271034061906
32 83 19.385114108511196
33 34 3.787558844427369
33 35 5.407475566287841
33 36 4.9668889659423625
33 37 6.0537999636591895
33 38 8.667854175053941
33 39 9.863327734593431
33 40 9.70590402796154
33 41 10.98609202582975
33 42 13.931972078639834
33 43 13.677167762369521
33 44 13.640076356091269
33 45 11.914449252902966
33 46 15.514175904636383
33 47 16.843092530767624
33 48 15.475421577456302
33 49 18.777658693245012
33 50 17.969731801003597
33 51 14.594453398466143
33 52 16.529168823628126
33 53 14.858437501971736
33 54 11.911366042566234
33 55 10.885287915347028
33 56 11.061347160269403
33 57 13.505017919277263
33 58 16.900814359077494
33 59 17.929315017590604
33 60 21.441589166850488
33 61 21.97893982884525
33 62 19.706755060131034
33 63 18.604501632669443
33 64 15.205302167336235
33 65 14.99467168696934
33 66 15.058160511828794
33 67 16.847165963449164
33 68 18.227663920535733
33 69 17.099350777149407
33 70 20.793202086258866
33 71 21.557742391076115
33 72 19.564038489023684
33 73 19.43748082957254
33 74 16.8054398335777
33 75 18.102423125095715
33 76 15.788775094984414
33 77 13.331657436343018
33 78 13.612969808238027
33 79 13.475851921121725
33 80 12.79860937758474
33 81 15.696838089245873
33 82 17.231958768520776
33 83 20.16669831677957
34 35 3.812736812317368
34 36 5.5575291272291105
34 37 5.233922047566239
34 38 6.622914313200798
34 39 9.107695098102479
34 40 8.926624165943137
34 41 11.420589039099514
34 42 14.476052707834407
34 43 13.897946035296009
34 44 12.810222831785559
34 45 11.132761247776763
34 46 14.845467793235757
34 47 15.383864924003984
34 48 13.358907926922774
34 49 16.30963439197826
34 50 15.665815363395549
34 51 12.011619124830757
34 52 13.368270793187879
34 53 11.381479824697669
34 54 8.655271861703712
34 55 7.692937735351826
34 56 8.878323321438572
34 57 11.991570581037333
34 58 15.258975850298738
34 59 17.04581529290987
34 60 20.242051378257102
34 61 20.395097989467963
34 62 18.403677594437482
34 63 16.68373114743822
34 64 13.05405002288562
34 65 12.083925893516563
34 66 11.669444459784708
34 67 13.632637052309438
34 68 15.004301849802946
34 69 14.29500426722567
34 70 18.042887213525447
34 71 18.903380570681005
34 72 17.421952646015317
34 73 17.9085169961111
34 74 15.878208148276686
34 75 17.765220657227992
34 76 16.16939581431539
34 77 14.444334183339851
34 78 14.964971667196703
34 79 15.592589105084507
34 80 14.753913243611002
34 81 17.88195347270538
34 82 19.33625302378928
34 83 21.81410743074307
35 36 3.8061053584996847
35 37 5.322656291740059
35 38 5.0722626114979565
35 39 6.590611352522618
35 40 5.321812191349863
35 41 7.995252966604622
35 42 10.87973648577942
35 43 10.312207814042537
35 44 9.126558770971673
35 45 7.983779618701905
35 46 11.800187201904892
35 47 12.258338794469664
35 48 10.839643029177667
35 49 13.8250241952772
35 50 12.673955854428401
35 51 9.287939814619815
35 52 11.528426345343062
35 53 10.589777193123567
35 54 8.343085340567958
35 55 9.037126811105397
35 56 10.447115056320568
35 57 13.80973804965177
35 58 16.555942437686834
35 59 18.296449081720745
35 60 21.30899626918171
35 61 21.933164204008502
35 62 20.45354939857628
35 63 18.849114912907716
35 64 15.425042042082087
35 65 14.107782639380293
35 66 12.826179867754854
35 67 13.879700465067682
35 68 14.301013810216393
35 69 12.741756119154063
35 70 16.267633048480036
35 71 17.68664685574968
35 72 16.067797048755622
35 73 16.057648426840085
35 74 13.85798628950108
35 75 16.125158572863707
35 76 14.49619932947943
35 77 13.270373544101915
35 78 14.745651935401156
35 79 15.897771195988446
35 80 15.962911325945525
35 81 19.399005077580654
35 82 21.428515464212634
35 83 24.06543963861869
36 37 3.820556242224421
36 38 5.321655569463325
36 39 5.103400043108515
36 40 5.324090250925506
36 41 6.593745066348866
36 42 10.083867809526263
36 43 10.741841276056915
36 44 10.585517323210993
36 45 10.234652168002585
36 46 13.933571257936714
36 47 14.756088709410772
36 48 14.033515703486424
36 49 16.9338834884382
36 50 15.211092038377785
36 51 12.137061341197874
36 52 14.70716498853535
36 53 14.098675859810383
36 54 12.099802849633543
36 55 12.499702436458238
36 56 13.715889799790602
36 57 16.823265883888297
36 58 19.82633788676063
36 59 21.23712873719044
36 60 24.475859494612237
36 61 25.162219973603282
36 62 23.37595518903987
36 63 21.9345472485757
36 64 18.429426632426736
36 65 17.348890944380276
36 66 16.32785638104402
36 67 17.632021580068464
36 68 18.02083710597263
36 69 16.356204602535396
36 70 19.749198692605226
36 71 21.361588775182433
36 72 19.632916034048534
36 73 19.261942243709484
36 74 16.700306883407865
36 75 18.674699488880673
36 76 16.462205228947912
36 77 14.705479930964515
36 78 16.151055228683976
36 79 16.596560517167404
36 80 16.794032809304618
36 81 19.923208024813675
36 82 21.836409709473763
36 83 24.872119431202478
37 38 3.8239934623375085
37 39 5.4058122423924395
37 40 7.373354935170286
37 41 9.510458138281244
37 42 13.23436307496511
37 43 14.044842612147706
37 44 13.188409798000665
37 45 12.96936116391243
37 46 16.76173576930504
37 47 16.95305376620979
37 48 15.604858762577765
37 49 18.068232398328288
37 50 16.33391964593924
37 51 12.915221484744269
37 52 14.71849136290809
37 53 13.669097519587753
37 54 12.105882660921509
37 55 12.040698110990078
37 56 13.933353831723357
37 57 17.18778708851142
37 58 20.387774866326144
37 59 22.252035479928573
37 60 25.407744803504308
37 61 25.52855142776417
37 62 23.559696199229737
37 63 21.63725419271124
37 64 17.894941575763806
37 65 16.43607255398929
37 66 15.441094974126672
37 67 17.389128471547966
37 68 18.039952937854355
37 69 17.0855811431745
37 70 20.55343618473563
37 71 22.2007333437434
37 72 21.01770629731037
37 73 21.280856773165873
37 74 19.174444503035804
37 75 21.39312396542403
37 76 19.532144813102324
37 77 17.84264862625502
37 78 18.910620322982535
37 79 19.24791528971385
37 80 18.804439688541642
37 81 21.74520600040386
37 82 23.135280093398485
37 83 25.977470604352533
38 39 3.7905295144610074
38 40 5.431811944462
38 41 8.626212726335934
38 42 12.09589773435606
38 43 12.72323881721946
38 44 11.01353762421503
38 45 11.411736984350808
38 46 15.034238457600711
38 47 14.477167886019698
38 48 13.096707716063609
38 49 15.041448932865478
38 50 13.00797620692781
38 51 9.68645270467987
38 52 11.474151733352667
38 53 11.058400110323376
38 54 10.362742928394974
38 55 11.37706873495981
38 56 13.92026842413608
38 57 17.5392674020325
38 58 20.282850440704827
38 59 22.535019702676102
38 60 25.33802427183304
38 61 25.484311801577068
38 62 24.019904308718637
38 63 21.826938241539974
38 64 18.16358593450093
38 65 16.068623680950402
38 66 14.227205136638746
38 67 15.662734403672946
38 68 15.621887850064729
38 69 14.530117583832556
38 70 17.725946547363836
38 71 19.818878500056456
38 72 19.025647584247956
38 73 19.44668046222799
38 74 17.77506230650121
38 75 20.515523951388623
38 76 19.16186053075223
38 77 18.204997171106626
38 78 19.81200996870333
38 79 20.828442500580792
38 80 20.719784217023115
38 81 23.982594480164153
38 82 25.673826886539533
38 83 28.33118086137604
39 40 3.8148511111182297
39 41 5.738700375520573
39 42 9.350026630978116
39 43 10.961524620234174
39 44 10.01526979167311
39 45 11.32546003480653
39 46 14.697767313439142
39 47 14.449125302245807
39 48 14.069308263024162
39 49 16.031465123312966
39 50 13.391348289100689
39 51 10.780840876295313
39 52 13.40734433062715
39 53 13.824404399466909
39 54 13.182199095750299
39 55 14.576370501602927
39 56 16.73388624916519
39 57 20.25491473692249
39 58 22.93073269653632
39 59 24.8421359186363
39 60 27.73937962536293
39 61 28.275377026664028
39 62 26.867222800282132
39 63 24.96657082981161
39 64 21.388226060148135
39 65 19.50563562153256
39 66 17.619168595594964
39 67 18.635725395057744
39 68 18.164207056736608
39 69 16.428415778765768
39 70 19.331604615240813
39 71 21.72960273451864
39 72 20.635553493909484
39 73 20.426401616535394
39 74 18.382592689824794
39 75 21.02139322214396
39 76 19.291112072661853
39 77 18.312441235400595
39 78 20.3534855245975
39 79 21.24881015492397
39 80 21.694571072044727
39 81 24.940243262646817
39 82 26.909047121739558
39 83 29.870875799011984
40 41 3.802295753883432
40 42 6.772277386522198
40 43 7.451300758927931
40 44 6.2991150172067805
40 45 7.6045874312812
40 46 10.892572928376476
40 47 10.862266568262815
40 48 10.846916889144126
40 49 13.15204337736156
40 50 10.70931314324126
40 51 8.339268613013973
40 52 11.596725874142237
40 53 12.356551298805025
40 54 11.442512661124745
40 55 13.385913790249813
40 56 15.14595965926227
40 57 18.58414587760223
40 58 20.88671604154181
40 59 22.612882080796336
40 60 25.375826193446393
40 61 26.299643590740924
40 62 25.227761494036688
40 63 23.605907184431615
40 64 20.299367600986983
40 65 18.574186980861374
40 66 16.546411484065057
40 67 16.89284280398063
40 68 16.13757804009016
40 69 13.824213829364767
40 70 16.632015752758296
40 71 18.96630775876001
40 72 17.526511603853177
40 73 16.941849544840135
40 74 14.771387240201918
40 75 17.440840518736476
40 76 15.817732138331333
40 77 15.242053175343539
40 78 17.67668334275409
40 79 19.05903680672242
40 80 19.942941483141347
40 81 23.4248137452574
40 82 25.80309892241628
40 83 28.661148406859063
41 42 3.8219879643975863
41 43 6.069682858271923
41 44 6.923245842811018
41 45 8.680082660896728
41 46 11.342857752788762
41 47 12.131790552099064
41 48 13.125440678316295
41 49 15.550323469304427
41 50 12.97548107007983
41 51 11.372153709829988
41 52 14.934639399731084
41 53 15.9370102905156
41 54 14.793098019008733
41 55 16.597995692251523
41 56 17.841016422838695
41 57 20.995225862085885
41 58 23.29878936769033
41 59 24.544141235740966
41 60 27.44367602927859
41 61 28.734379025828975
41 62 27.600541607004747
41 63 26.357561666436446
41 64 23.159217085212532
41 65 21.805584903872678
41 66 20.008992978158595
41 67 20.206812984733645
41 68 19.397591757741477
41 69 16.71493730170712
41 70 19.282430474398193
41 71 21.590045877672427
41 72 19.740359925796692
41 73 18.487196353152093
41 74 15.835011019888812
41 75 18.03936088113989
41 76 15.866938614616245
41 77 15.061846965096949
41 78 17.75102332261439
41 79 18.823148647343782
41 80 20.237539623185427
41 81 23.55888329271997
41 82 26.1537572253013
41 83 29.286397200748336
42 43 3.8196075714659434
42 44 6.126823075624102
42 45 8.479135510180264
42 46 9.898393506019044
42 47 11.060886311684069
42 48 13.119445300773963
42 49 15.36988093642888
42 50 12.845331175178005
42 51 12.275886281649887
42 52 16.072637306926328
42 53 17.61352664857325
42 54 16.59067897947519
42 55 18.788528122234585
42 56 19.701249173593023
42 57 22.637023678036822
42 58 24.50805977632664
42 59 25.47073938856114
42 60 28.160337533488477
42 61 29.862568107917305
42 62 29.076808576595884
42 63 28.12234323451728
42 64 25.22250487164191
42 65 23.98437760293145
42 66 22.053513824331937
42 67 21.649006328235945
42 68 20.423961858562112
42 69 17.25498238190929
42 70 19.295570398410096
42 71 21.653651447273273
42 72 19.56133139640551
42 73 17.68574931972066
42 74 14.95013638733774
42 75 16.95651712469279
42 76 14.829762000787467
42 77 14.598221741020375
42 78 17.800001376404435
42 79 19.20148903080175
42 80 21.241596220623343
42 81 24.589701380862678
42 82 27.552302644243728
42 83 30.6450257790722
43 44 3.800870031979524
43 45 5.317057927087123
43 46 6.165170070646878
43 47 7.961038374483572
43 48 10.236244086577853
43 49 12.83175163413008
43 50 11.041491701758416
43 51 10.6559462273418
43 52 14.394927717776147
43 53 15.841457855891926
43 54 14.576728679645514
43 55 16.93016512028161
43 56 17.45583790598435
43 57 20.162612653126082
43 58 21.634966512569417
43 59 22.473634752749724
43 60 24.955448383068582
43 61 26.873810634147144
43 62 26.38604663453774
43 63 25.632403652408414
43 64 23.047357896296923
43 65 21.972993719564023
43 66 20.074103965059063
43 67 19.21768302891897
43 68 17.963374014922703
43 69 14.569115930625307
43 70 16.516230653511716
43 71 18.548848508734984
43 72 16.16093221321097
43 73 14.02608102785664
43 74 11.195975794900598
43 75 13.203965351363205
43 76 11.33018715644186
43 77 11.675662465145185
43 78 15.131525666633886
43 79 17.115489914109972
43 80 19.310600715669104
43 81 22.831011628922628
43 82 25.99660972126943
43 83 28.812698780225364
44 45 3.791278148593165
44 46 5.259357850536515
44 47 5.23563415452226
44 48 7.0373465169764104
44 49 9.340933839825649
44 50 7.3525477217084365
44 51 6.926626956896113
44 52 10.67427847678708
44 53 12.449193146545682
44 54 11.758738282656008
44 55 14.627545863882977
44 56 15.720847750678077
44 57 18.750184479092464
44 58 20.047123409606677
44 59 21.467368399503467
44 60 23.687824826268876
44 61 25.270942265772362
44 62 25.00963734243262
44 63 23.827899907461422
44 64 21.19484241507825
44 65 19.629496478514163
44 66 17.28480005669721
44 67 16.237262638757805
44 68 14.622215803358943
44 69 11.260247688217165
44 70 13.181618944575812
44 71 15.56670902920717
44 72 13.697235085958042
44 73 12.205500645200914
44 74 10.130558276817721
44 75 13.030466914120925
44 76 12.072239228908614
44 77 12.930959941164469
44 78 16.197507339093878
44 79 18.56850327840131
44 80 20.27209029676023
44 81 23.973406286967236
44 82 26.949985231906904
44 83 29.502310723060322
45 46 3.819704307927517
45 47 5.297252967340717
45 48 5.839041873458356
45 49 9.29590893888274
45 50 8.754347605618594
45 51 7.4678341572372915
45 52 10.6656520194501
45 53 11.433612639931443
45 54 9.763241982046742
45 55 12.208021543231322
45 56 12.618964299814781
45 57 15.34629251643536
45 58 16.57937106768529
45 59 17.772318306850124
45 60 20.090730922492593
45 61 21.808398405201608
45 62 21.50096616433783
45 63 20.59513267740706
45 64 18.1598329012136
45 65 17.039822358228975
45 66 15.146986333921346
45 67 14.07595595332694
45 68 13.097407262508106
45 69 9.837201329646561
45 70 12.312176493211917
45 71 13.859998051947919
45 72 11.399274055833558
45 73 9.874795896624901
45 74 7.262103896254861
45 75 9.975016892216274
45 76 8.933805348226477
45 77 9.697275751467526
45 78 12.757240845888266
45 79 15.363405937486647
45 80 16.935451248785785
45 81 20.690822724096787
45 82 23.693207001163856
45 83 26.054541753790254
46 47 3.8006454714956033
46 48 6.1567396404265855
46 49 8.93839974492079
46 50 9.021107304538619
46 51 9.258894858459085
46 52 12.165549309422902
46 53 13.492744605898391
46 54 12.245830188272254
46 55 14.928598092252336
46 56 14.97468199996247
46 57 17.229502923764226
46 58 17.726036951332354
46 59 18.59101839598896
46 60 20.4245292234607
46 61 22.580858043927385
46 62 22.82022745285419
46 63 22.246271844963147
46 64 20.318074367419765
46 65 19.331423253345836
46 66 17.34739525116091
46 67 15.527993978618106
46 68 14.031367075235403
46 69 10.37452249503562
46 70 11.811073490585015
46 71 13.230769403175316
46 72 10.47975076039502
46 73 7.935748672935651
46 74 5.400385726964324
46 75 8.08730591730027
46 76 7.817528829495926
46 77 9.934522233102104
46 78 13.399943171521285
46 79 16.47183453656574
46 80 18.560390998036652
46 81 22.24521759839629
46 82 25.52496536726348
46 83 27.683236750784758
47 48 3.8336667825986135
47 49 5.464682790428
47 50 5.4473857032525235
47 51 6.645866835861218
47 52 9.263855137036629
47 53 11.376665020998024
47 54 11.194471626655721
47 55 14.514991526005105
47 56 15.345049918459045
47 57 17.974433426397617
47 58 18.285003363412322
47 59 19.82186033146233
47 60 21.303846225505854
47 61 23.040204556383607
47 62 23.546889837088887
47 63 22.447942823341297
47 64 20.442174395107777
47 65 18.81028402231077
47 66 16.209488023993845
47 67 14.083948203540086
47 68 11.819080421081837
47 69 8.047486253483134
47 70 8.93325399840394
47 71 11.204560187709287
47 72 9.406483402419841
47 73 7.800027243542161
47 74 7.002982364678636
47 75 10.494327277153118
47 76 11.13800094271858
47 77 13.3480664517375
47 78 16.553329363001268
47 79 19.679369375058744
47 80 21.36580950958798
47 81 25.12498899502247
47 82 28.19469171670441
47 83 30.21167501149183
48 49 3.8273825259568666
48 50 5.252687883360287
48 51 4.778167954352381
48 52 6.394076086503814
48 53 7.818257734303722
48 54 7.650681668975647
48 55 11.101745718579577
48 56 12.212305515339844
48 57 14.99099169501471
48 58 15.297527022365411
48 59 17.35021192954138
48 60 18.773747654637315
48 61 20.063769860123493
48 62 20.541400293066683
48 63 19.095032233541794
48 64 17.035925950766515
48 65 15.16112086885399
48 66 12.433635550393134
48 67 10.275543100002063
48 68 8.153562472931693
48 69 4.462583332555258
48 70 6.505251570846432
48 71 8.571148814482221
48 72 7.157546716578241
48 73 7.077402065730049
48 74 7.010216615768731
48 75 10.746516924101506
48 76 11.733083396959218
48 77 13.583972725237643
48 78 16.166669725085622
48 79 19.28211311034141
48 80 20.32053564746757
48 81 24.090783320597946
48 82 26.84199981372476
48 83 28.612547003019497
49 50 3.8042246253343146
49 51 5.42500506912206
49 52 5.53624403363869
49 53 8.212809567985856
49 54 9.630756408507072
49 55 13.318678500511977
49 56 14.918754472140092
49 57 17.66326688356375
49 58 17.545869998378535
49 59 19.92599942286459
49 60 20.813925194446146
49 61 21.84336681924286
49 62 22.74752190899044
49 63 21.003812630091712
49 64 19.14584466666331
49 65 16.798018365271542
49 66 13.573864593401542
49 67 10.95203154670402
49 68 7.72300757477293
49 69 4.474074764685991
49 70 4.220607183806615
49 71 7.608175668318919
49 72 7.789645049679731
49 73 8.44374496298887
49 74 9.727591993910924
49 75 13.446041982680256
49 76 15.010555652606598
49 77 17.22314797010117
49 78 19.830344752424246
49 79 23.04187711537408
49 80 24.037682958222078
49 81 27.789674161457885
49 82 30.475045414240157
49 83 32.09414845419644
50 51 3.8197739461910567
50 52 5.631890890278324
50 53 9.046699508660605
50 54 10.60890512729754
50 55 14.35391110464322
50 56 16.391049081739702
50 57 19.558122251381903
50 58 20.06420521725194
50 59 22.418032919950846
50 60 23.7489479977535
50 61 24.731530259973805
50 62 25.208881966481577
50 63 23.33162510413709
50 64 20.99066642581888
50 65 18.48522399106919
50 66 15.18127362904707
50 67 13.304943968314939
50 68 10.331620250473787
50 69 7.359301325533559
50 70 7.8525399712449735
50 71 11.351027530580659
50 72 11.312795277914294
50 73 11.390229058276216
50 74 11.68034558564086
50 75 15.409079985515035
50 76 16.190471704061
50 77 17.973679673344577
50 78 20.86161935229382
50 79 23.75726970844924
50 80 24.885143740794426
50 81 28.673409894883445
50 82 31.372335807204408
50 83 33.36737004919626
51 52 3.813398746525207
51 53 6.246231904116278
51 54 7.362255700530922
51 55 10.975189520003743
51 56 13.312070424994003
51 57 16.74761060569537
51 58 17.786907488374702
51 59 20.304772468560195
51 60 22.02177299855759
51 61 22.713263569993636
51 62 22.726171278946225
51 63 20.670111005991238
51 64 17.97150700414409
51 65 15.430404563717701
51 66 12.263084440710667
51 67 11.1195857386865
51 68 8.953155086336889
51 69 6.460951400529187
51 70 8.670932187487114
51 71 11.571201536573467
51 72 11.278370892996916
51 73 11.823921050142376
51 74 11.54778082576908
51 75 15.186445831727715
51 76 15.49856125580694
51 77 16.58709504403951
51 78 19.07513210963426
51 79 21.6684500830124
51 80 22.365000290632686
51 81 26.11391954494767
51 82 28.5593154854944
51 83 30.59934732964087
52 53 3.8069687416631113
52 54 6.711767203948601
52 55 10.294859445373694
52 56 13.063084207031658
52 57 16.375955330911232
52 58 17.04109081015649
52 59 20.057524149306165
52 60 21.325535772870982
52 61 21.509011553300166
52 62 21.797376011804722
52 63 19.33028217590214
52 64 16.832228551204974
52 65 13.809866509130346
52 66 10.212706497300312
52 67 8.81773037691673
52 68 6.19168523101748
52 69 5.12855642457017
52 70 7.027766288088979
52 71 9.86393841221649
52 72 10.750596541587814
52 73 12.453273023587007
52 74 13.153104044293114
52 75 16.790569406663966
52 76 17.709446434036266
52 77 18.948285674435038
52 78 21.02799821666342
52 79 23.719001222648476
52 80 23.98074652716216
52 81 27.65630785191689
52 82 29.831117662601915
52 83 31.51025704433399
53 54 3.8026380316827453
53 55 6.8659967958046675
53 56 9.926958950252589
53 57 13.238876160762285
53 58 14.145275218248669
53 59 17.42104348195021
53 60 18.812724071755266
53 61 18.575711587984994
53 62 18.56840967880664
53 63 15.868198196392683
53 64 13.21870103300623
53 65 10.060780784809893
53 66 6.466626400218275
53 67 5.815933802924516
53 68 4.773682121800737
53 69 5.4378834117696915
53 70 8.424006885087403
53 71 9.931340795683127
53 72 10.663207256730965
53 73 12.93011237383496
53 74 13.471250016238283
53 75 16.74167058569724
53 76 17.552208806871
53 77 18.31557121686354
53 78 19.763241991130908
53 79 22.232549561397587
53 80 21.942900514745084
53 81 25.47014760459782
53 82 27.312763939228123
53 83 28.78090818580956
54 55 3.7795333045231887
54 56 6.427855474417572
54 57 9.951926949088799
54 58 11.378776515952842
54 59 14.371540070570024
54 60 16.289252008609846
54 61 16.3102417210782
54 62 15.859840667547703
54 63 13.519316032995158
54 64 10.635549304102724
54 65 8.17080032799725
54 66 5.538500609370733
54 67 5.592866349198775
54 68 6.35795415208383
54 69 6.293831265612386
54 70 10.018854425531893
54 71 10.64830625029164
54 72 10.140790353813648
54 73 11.96235553726773
54 74 11.718215435807618
54 75 14.537373971938672
54 76 14.913226813805249
54 77 15.190628591338806
54 78 16.2852223196369
54 79 18.595648845899404
54 80 18.16239089437291
54 81 21.671134972585072
54 82 23.526736577774656
54 83 25.04913978562936
55 56 3.7464700719477264
55 57 7.289721942570923
55 58 9.536149065529544
55 59 12.583091670968626
55 60 14.846635544796001
55 61 14.365288058371819
55 62 13.220038350927734
55 63 10.71049756080454
55 64 7.352213068185661
55 65 5.224736356984914
55 66 4.2863668765050855
55 67 6.338505975385681
55 68 8.833505815926085
55 69 9.627474435177689
55 70 13.247136898213135
55 71 13.092213181887924
55 72 12.41079405195332
55 73 14.318177328137823
55 74 13.799222043289252
55 75 15.93903629458193
55 76 15.996671216224954
55 77 15.569299309859778
55 78 15.792407986117889
55 79 17.58678196828516
55 80 16.413300064277145
55 81 19.62327095567913
55 82 20.99742998559586
55 83 22.320850969441107
56 57 3.773750654190072
56 58 6.50964553566475
56 59 9.06953548975911
56 60 11.747847845456633
56 61 11.649090479518135
56 62 10.2314942212758
56 63 8.517672804234737
56 64 5.594900803410192
56 65 5.6246445221009305
56 66 6.567988048101184
56 67 7.790692652133057
56 68 10.666660630206625
56 69 11.096427262862584
56 70 14.567496765058848
56 71 13.619482148745599
56 72 12.163127928292129
56 73 13.698744687014207
56 74 12.867097458245972
56 75 14.186810000842334
56 76 14.16218450663597
56 77 13.469190807171753
56 78 13.015835355443
56 79 14.77915863640417
56 80 13.378129652533648
56 81 16.48834512617928
56 82 17.915453273640612
56 83 19.000978974779166
57 58 3.784794446201803
57 59 5.813411906961351
57 60 8.68848669216913
57 61 8.498705371996376
57 62 6.657522812578269
57 63 5.868582793145209
57 64 4.3185100439850785
57 65 6.630234234173027
57 66 8.895898436920243
57 67 9.791885109620107
57 68 13.006449823068552
57 69 13.675945963625331
57 70 16.757399380572153
57 71 15.025337799863271
57 72 13.376343409168294
57 73 14.86902216018256
57 74 14.179218490452849
57 75 14.628591114663093
57 76 14.798312944386597
57 77 13.993385401681753
57 78 12.6332183547978
57 79 14.200878775625116
57 80 12.304451917903537
57 81 14.927596223103034
57 82 16.057523781704326
57 83 16.485728797963404
58 59 3.8410689918302694
58 60 5.370735889987519
58 61 5.439894300443716
58 62 5.309371431723347
58 63 5.261874665934185
58 64 6.012611579006247
58 65 8.0278777394776
58 66 9.867596769224004
58 67 9.551581492088099
58 68 12.576054945808721
58 69 13.448816267612552
58 70 15.877789865091426
58 71 13.39970316835414
58 72 11.875443991699848
58 73 13.663749302442579
58 74 13.74663777074234
58 75 13.909287724394806
58 76 14.970397088921855
58 77 14.968770624202913
58 78 13.708128865749696
58 79 15.832973536262855
58 80 14.339451732894117
58 81 16.813088354017534
58 82 18.10756408244908
58 83 17.975066592366215
59 60 3.7970792722828444
59 61 5.742068703873196
59 62 5.3637194184632735
59 63 7.551451118824775
59 64 8.868962340657445
59 65 11.551024110441462
59 66 13.56311870478173
59 67 13.175359349938049
59 68 15.892491969480432
59 69 16.195314013627524
59 70 18.4922649775521
59 71 15.890515598935108
59 72 13.724105107437792
59 73 14.681987399531444
59 74 14.277520127809312
59 75 13.408506479097516
59 76 14.199041446520253
59 77 13.915561253503217
59 78 11.935874245316095
59 79 13.830828753187566
59 80 12.349360266831642
59 81 14.386000799388272
59 82 15.784845453788897
59 83 15.310435134247488
60 61 3.8011395659722877
60 62 5.924338359682032
60 63 8.24497234683052
60 64 10.694414710492577
60 65 13.047750342491996
60 66 14.849460394236555
60 67 13.858281314795134
60 68 16.377383490655642
60 69 17.042343588837777
60 70 18.688181800271533
60 71 15.531608062270951
60 72 13.82179792935782
60 73 15.151863284758088
60 74 15.596764472158963
60 75 14.666282044199209
60 76 16.261189778118943
60 77 16.66908341811271
60 78 14.961553562381152
60 79 17.127761645936108
60 80 15.889789929385477
60 81 17.689247129259062
60 82 18.968476717965522
60 83 17.985352123325246
61 62 3.7979387830769467
61 63 5.521042383463469
61 64 8.861915255744664
61 65 11.309830193243398
61 66 13.61890443464525
61 67 13.205301548999172
61 68 16.23044423298389
61 69 17.687819000656923
61 70 19.44202389156026
61 71 16.315926850779885
61 72 15.359921419069826
61 73 17.384115306796605
61 74 18.07036170086255
61 75 17.71278303937583
61 76 19.217863018556457
61 77 19.39737265714097
61 78 17.655931666156846
61 79 19.514501300315104
61 80 17.71607106556079
61 81 19.37114229982321
61 82 20.057529134965755
61 83 18.863737938171216
62 63 3.799664985232249
62 64 6.803627635313387
62 65 10.144946525241028
62 66 13.179310945569199
62 67 13.74250159177724
62 68 17.16060240784105
62 69 18.530093523779097
62 70 20.887642327462427
62 71 18.21364230460234
62 72 16.9969663469691
62 73 18.80188836260869
62 74 18.815277701910222
62 75 18.47969837416185
62 76 19.25816792947865
62 77 18.69871474192812
62 78 16.55294982774974
62 79 17.79461081338954
62 80 15.42514055041315
62 81 16.84135235068728
62 82 17.092380290644133
62 83 15.96735262966281
63 64 3.846510756516874
63 65 6.742547441434878
63 66 9.961503751944285
63 67 11.03477602853814
63 68 14.706146640095767
63 69 16.6083273691242
63 70 19.084449219194145
63 71 16.710977948642025
63 72 16.095649443250185
63 73 18.436106855841338
63 74 18.699851790856524
63 75 19.124529222963897
63 76 19.97493604495393
63 77 19.537478112591707
63 78 17.918590625381228
63 79 19.331266642411197
63 80 17.00105858468819
63 81 18.859401501638377
63 82 19.134816069144744
63 83 18.500798415203594
64 65 3.789099233327097
64 66 7.347670106911441
64 67 9.379110565506728
64 68 13.120573844157882
64 69 14.852002457581268
64 70 17.835437224806128
64 71 16.15308357559014
64 72 15.473888393031663
64 73 17.707507136805
64 74 17.55622356886583
64 75 18.47413177932863
64 76 18.862502299535976
64 77 18.128597022384277
64 78 16.85491148004047
64 79 18.146948310941976
64 80 15.854978082608632
64 81 18.108840658639636
64 82 18.536133712292866
64 83 18.64355666175314
65 66 3.792301807609727
65 67 6.628410820098584
65 68 10.325409580253945
65 69 12.521209446375378
65 70 15.499378632706538
65 71 14.322940270768429
65 72 14.305040265584713
65 73 16.935602085547472
65 74 17.130074226342394
65 75 18.788722149204297
65 76 19.379488847748277
65 77 19.025200892500454
65 78 18.46986302060738
65 79 20.09977268528179
65 80 18.224792481671773
65 81 20.875713185421954
65 82 21.579140761392704
65 83 22.059356971589175
66 67 3.8029003405295834
66 68 7.003903625836095
66 69 9.434214805695278
66 70 12.364203371022333
66 71 11.809132948696956
66 72 12.314383053973918
66 73 15.149513820581834
66 74 15.6771947107893
66 75 17.990971096636226
66 76 18.825144913120855
66 77 18.973199361204216
66 78 19.17385639353753
66 79 21.229862105063233
66 80 19.93759890257601
66 81 22.986256372014996
66 82 24.139193793496915
66 83 24.959900260217385
67 68 3.812313864308657
67 69 6.562311025850574
67 70 9.00724408462433
67 71 8.042921981469172
67 72 8.903711192530897
67 73 12.111970690189107
67 74 13.34237298983955
67 75 15.820602200927754
67 76 17.311717014785103
67 77 18.20553533956088
67 78 18.81067797821227
67 79 21.4292595765696
67 80 20.669180946520356
67 81 23.9085699488698
67 82 25.500365918943203
67 83 26.238066811409713
68 69 3.793643235730002
68 70 5.522724056115787
68 71 5.702970892438433
68 72 7.4731001599068625
68 73 10.689840082994694
68 74 12.452347730448261
68 75 15.49421088665054
68 76 17.287640064508516
68 77 18.770312357550157
68 78 20.07272545022225
68 79 23.009296143080952
68 80 22.810416962431884
68 81 26.270970556871326
68 82 28.220616913880534
68 83 29.18921713578492
69 70 3.8004320806981924
69 71 5.341238994840055
69 72 5.665738875027685
69 73 7.903934589810318
69 74 9.353798426307893
69 75 12.770804751463398
69 76 14.458246159199255
69 77 16.251119992172853
69 78 18.127511191556334
69 79 21.256656463329318
69 80 21.644132207136423
69 81 25.286713566614388
69 82 27.653151465972197
69 83 28.956402331781483
70 71 3.8263070969277955
70 72 5.772201053324458
70 73 8.049346184628911
70 74 10.629086931623053
70 75 13.949620281570395
70 76 16.280490348880775
70 77 18.68644987684927
70 78 20.768275662654325
70 79 24.13989312320997
70 80 24.776886709189277
70 81 28.395612812545533
70 82 30.88356945043756
70 83 32.02293265770641
71 72 3.817006549640697
71 73 7.244719180202916
71 74 10.406172831545705
71 75 13.032597975845034
71 76 15.851739273657007
71 77 18.317866769905283
71 78 19.866867745067417
71 79 23.322375650863698
71 80 23.729749282282782
71 81 27.15807889008352
71 82 29.528240618093047
71 83 30.25244343850592
72 73 3.7929011323787525
72 74 6.7999066170058535
72 75 9.234433009124064
72 76 12.10137021167438
72 77 14.689814838860295
72 78 16.31325721614173
72 79 19.879925880143517
72 80 20.591772774581603
72 81 24.04369909144598
72 82 26.662825150384947
72 83 27.52762781279927
73 74 3.7949931488739166
73 75 6.1936872701162455
73 76 9.263939442807255
73 77 12.414750380092226
73 78 14.582152996042801
73 79 18.304132484223334
73 80 19.682973174802633
73 81 23.166223710393545
73 82 26.170299845435473
73 83 27.298224008165803
74 75 3.768714767662847
74 76 5.7708546160859076
74 77 8.84443248603324
74 78 11.44222508955317
74 79 15.097957643337063
74 80 16.839218687338203
74 81 20.400102009548878
74 82 23.608241844745663
74 83 25.119924303229897
75 76 3.815842239925543
75 77 7.352474209407335
75 78 9.50657961624474
75 79 13.274443340494544
75 80 15.362329933965098
75 81 18.61801366956207
75 82 22.000457177067936
75 83 23.318605747342616
76 77 3.8258987179485047
76 78 6.8035646539148855
76 79 10.325172831483256
76 80 12.912149201430413
76 81 16.218265782752486
76 82 19.78857064065012
76 83 21.607304922178514
77 78 3.7968267013388917
77 79 6.816846558343524
77 80 9.594723028832046
77 81 12.93228077332069
77 82 16.542239781843328
77 83 18.752838638456844
78 79 3.7998049949964514
78 80 6.2492877194125125
78 81 9.416588819737223
78 82 13.03056238233792
78 83 15.036933397471707
79 80 3.8072503201129284
79 81 6.361964712256743
79 82 10.10810694442832
79 83 12.669084260513857
80 81 3.790958717791581
80 82 7.0147932970259355
80 83 9.572571806991053
81 82 3.821177959739639
81 83 6.603198240246917
82 83 3.8463075800044906
